-0.800833 -0.121619 -0.323213 -0.313496 -0.906845 0.137149 -0.913819 -0.895609 -0.419881 1.708322 -0.349667 -0.832483 -0.757133 1.013546 -0.619854 -0.668774 -0.121684 -1.036375 -0.338158 -0.376449 -0.314435 -0.337860 0.320631 -0.264986 -0.468860 -0.406718 1.213709 -0.323091 0.466665 0.000000
1.260885 -0.121619 -0.323213 -0.658339 -0.741319 0.677008 0.159114 1.226827 -0.392982 -0.261860 1.011178 0.370814 1.085497 0.146098 -0.284283 0.289686 -0.340836 -0.232317 -0.338158 -0.376449 -0.314435 -0.337860 -0.311813 -0.438144 0.064951 -0.406718 0.543764 -0.447133 -0.210513 2.000000
0.917266 -0.121619 -0.234133 0.361096 -0.354617 -0.173302 -1.143993 -0.167649 1.484260 1.260599 -0.439164 -0.736425 -0.276120 -1.259767 -0.216584 -0.118057 -1.008898 -0.061398 -0.338158 -0.376449 -0.314435 -0.337860 -0.598078 -0.844278 -0.819150 -0.406718 -1.993179 -0.908826 -3.549745 1.000000
1.260885 -0.121619 -0.257182 0.127553 -0.036586 -0.795121 -0.604842 0.655020 -0.296651 1.601266 -0.204555 -0.875401 -0.630399 -0.819029 -0.570033 -0.132088 -0.943693 -0.432646 -0.338158 -0.376449 -0.314435 -0.337860 -0.513076 -0.603088 -0.469124 -0.406718 0.388286 -0.504157 0.746615 2.000000
-1.144452 -0.121619 -0.323213 1.882975 -0.408493 -0.512953 0.822361 0.299664 -0.311021 -0.536697 -1.182331 3.481206 -0.650734 1.319296 -0.619854 -0.433757 -0.514008 1.102672 -0.338158 -0.376449 -0.314435 -0.337860 -0.201048 0.765096 2.178204 -0.406718 1.240254 1.020514 0.104747 0.000000
-0.457213 -0.121619 -0.323213 -0.658339 1.391844 -0.367109 -0.271890 -0.949121 0.076326 0.259864 -0.531713 -0.708639 -0.440174 0.708830 -0.619854 0.326878 -0.541166 -0.104219 -0.338158 -0.376449 -0.314435 -0.337860 0.555338 -0.376737 -0.027546 -0.078851 0.809214 3.412791 -0.574954 0.000000
0.573646 -0.121619 -0.323213 -0.236201 -0.841472 0.422969 0.284112 1.401819 0.081069 -1.476036 1.396944 -0.368752 2.593734 -0.377139 -0.465234 1.077035 1.023447 -0.521862 -0.338158 -0.376449 -0.314435 -0.337860 -0.598078 0.545856 2.982926 -0.406718 1.375507 0.419160 0.430095 1.000000
-0.800833 -0.121619 -0.323213 -0.149565 -1.030917 0.277013 3.006611 -0.782449 -0.588881 -1.656732 -0.319660 0.847048 0.094916 0.519844 0.125559 -0.641179 3.715422 -0.407410 -0.338158 -0.376449 -0.314435 -0.337860 -0.280134 2.248829 -0.164524 -0.406718 0.553876 0.941579 0.002602 0.000000
1.604505 -0.121619 -0.323213 -0.406235 -0.902507 -0.585842 -0.416089 0.454880 0.533707 0.670735 -0.411730 -0.648086 0.499454 0.288588 -0.435173 0.973090 -0.032518 -0.746487 -0.338158 0.890497 0.227157 0.072925 -0.440532 -0.397247 1.235231 -0.406718 -1.260032 -0.337136 0.161493 0.000000
1.604505 -0.121619 0.321601 -0.619501 -0.564593 0.002146 1.550854 3.860273 0.365131 -0.466996 -1.150436 -0.512618 0.541482 -0.571252 4.603811 0.098363 0.460244 -0.543879 0.053429 -0.025123 0.136118 -0.223949 -0.335952 -0.667189 -0.759183 -0.406718 -1.766915 -1.158829 0.856326 2.000000
-1.488072 -0.121619 -0.323213 -0.658339 -0.675563 -0.621297 -0.122968 0.374139 -0.344074 1.319278 -0.535617 0.067521 -1.023564 1.381330 -0.471903 -0.731480 -0.553784 1.108303 -0.055336 -0.376449 -0.314435 -0.337860 -0.598078 0.076613 -0.299423 -0.406718 0.749804 -0.225057 -0.075582 0.000000
-0.113593 -0.121619 -0.323213 -0.322946 -0.073463 -0.054346 -0.042016 -0.416658 -0.182225 -0.150653 -0.650010 1.452362 -0.223275 -1.001433 -0.279661 -0.278525 1.953622 1.497124 0.312150 -0.376449 -0.314435 2.688897 0.707856 -0.020822 -0.719563 -0.406718 -0.801183 -0.338654 -0.249606 0.000000
-1.488072 -0.121619 -0.323213 1.364547 1.110806 -0.988780 -0.854112 -0.286432 -0.015784 -0.747946 -1.037815 0.184950 -0.375294 -0.201967 -0.619854 5.523211 -0.096843 -0.010588 -0.338158 -0.376449 -0.314435 -0.337860 -0.598078 -0.844278 3.518838 2.544089 1.829300 4.289040 -0.023879 1.000000
-0.457213 -0.121619 -0.323213 -0.658339 -0.123752 -0.543936 -0.354065 -0.690904 0.375942 1.154787 -0.597686 -0.138204 -0.596491 -0.846407 -0.273404 -0.714135 0.601602 -0.621366 -0.338158 -0.376449 -0.314435 -0.337860 0.387072 -0.285211 -0.548702 -0.406718 0.454017 -0.575408 -0.494247 0.000000
-0.113593 -0.121619 2.400833 0.082045 2.200160 1.235759 0.184584 -0.949121 -0.671317 -1.150286 -1.661804 0.883797 1.420237 -1.324917 -0.362940 -0.039591 0.112457 -0.338240 0.644068 -0.023953 0.062276 0.233592 0.936077 0.044114 -0.668734 2.544089 -1.128571 0.065594 0.190497 2.000000
2.635364 -0.121619 3.178438 -0.658339 0.589210 -0.248759 -0.239119 -0.555289 -0.655084 -0.697743 0.983778 -0.542710 0.773190 -0.917681 0.994716 2.491159 -0.542220 2.837955 -0.338158 0.227710 -0.099214 -0.011381 0.027984 -0.742767 -0.303541 -0.406718 -1.431942 -0.504157 0.807145 1.000000
-0.800833 -0.121619 -0.323213 -0.658339 -0.889091 1.156025 -0.206243 -0.302806 -0.325009 -0.156006 0.991897 -0.878615 1.924138 -1.158942 -0.138098 -0.378411 0.464134 -0.645144 -0.338158 -0.376449 -0.314435 -0.337860 -0.598078 0.071956 2.988577 -0.406718 0.762444 0.162513 -0.247083 2.000000
1.604505 -0.121619 -0.323213 0.133501 0.289978 0.943818 -0.435162 -0.343847 -0.222263 0.063682 -0.057452 0.405635 -0.427387 -0.232309 0.201910 -0.136353 -0.302495 0.698787 -0.338158 -0.376449 -0.314435 -0.337860 -0.515605 -0.342818 -0.479537 -0.406718 0.721995 -0.853355 0.403613 0.000000
-0.457213 -0.121619 -0.230710 0.294414 1.733722 0.339567 -0.247776 0.424198 0.764360 -0.784093 0.207877 -0.509249 -0.086852 -0.925365 -0.270880 0.556061 -0.445553 -0.576074 -0.338158 -0.376449 -0.314435 -0.337860 -0.002682 0.024566 -0.737424 -0.406718 0.403455 -0.507727 0.716351 1.000000
0.230026 -0.121619 -0.323213 0.364009 1.516742 0.310635 1.655059 -0.893302 -0.671317 -1.656554 1.227159 -0.241369 -0.102144 0.314953 -0.245389 -0.276205 0.761242 -0.269181 -0.338158 -0.376449 -0.314435 -0.337860 -0.385116 -0.283166 -0.234515 -0.406718 0.448960 -0.550840 0.527195 0.000000
-0.457213 -0.121619 -0.323213 -0.658339 -0.936103 -0.197554 0.694445 -0.173744 -0.096063 0.481422 -0.442888 -0.521200 1.158995 -0.624475 -0.475365 -0.337212 -0.626256 2.464161 0.214249 -0.376449 1.804196 0.304912 -0.105042 -0.744351 1.718675 -0.406718 -1.048936 0.150461 -0.144939 1.000000
-0.113593 -0.121619 -0.323213 0.498140 0.255279 1.391688 -0.146719 0.053737 -0.547313 -0.684268 0.511295 -0.841310 0.649461 0.525889 -0.059215 0.782973 -1.041642 1.023415 0.090526 -0.068762 0.343212 0.160950 0.358448 -0.379001 0.231211 2.544089 -1.318178 -0.144496 0.177887 2.000000
1.260885 -0.121619 -0.323213 -0.658339 -0.776990 -0.598632 0.094092 2.824323 -0.226948 -0.201940 1.378896 -0.501857 0.515849 0.879178 -0.418948 0.821533 -1.051394 -0.644767 3.886373 -0.100799 0.863910 -0.337860 -0.598078 -0.149559 5.532568 -0.406718 -0.831520 -0.184511 -0.378232 1.000000
-0.113593 -0.121619 -0.323213 -0.658339 -0.324660 0.316813 1.108154 0.829568 -0.671317 -0.261929 0.168218 -0.029446 -0.725484 0.011160 -0.051648 -0.443065 1.213026 -0.157322 -0.338158 -0.376449 -0.314435 -0.337860 3.764382 0.531095 -0.819150 -0.406718 0.565253 0.260288 -1.210517 0.000000
1.604505 -0.121619 0.154422 -0.483425 -0.780747 0.481254 -0.882440 3.853438 -0.017697 0.754942 -0.806348 -0.592636 0.433148 -1.095769 2.119033 0.366505 0.214121 -0.923559 0.901855 -0.277558 -0.103067 -0.337860 0.016778 -0.669814 -0.734753 -0.406718 -1.420566 -0.960105 0.939554 2.000000
0.573646 -0.121619 -0.323213 0.301284 1.840353 0.218027 1.523535 -0.896726 -0.671317 -1.650995 0.541492 0.400225 -0.222912 0.689518 -0.326946 0.212283 0.572684 -0.572444 -0.338158 -0.376449 -0.314435 -0.337860 -0.098337 -0.317592 -0.407576 -0.406718 0.610758 -0.589085 0.485580 0.000000
-0.113593 -0.121619 -0.323213 -0.658339 -0.948995 1.691340 0.499856 0.436098 -0.637060 -1.673491 2.983422 -0.851710 1.554829 0.810513 0.154541 0.017314 0.303625 2.272091 -0.338158 -0.376449 -0.314435 -0.337860 -0.333834 -0.094493 1.719806 2.544089 0.830703 0.390907 -0.187815 1.000000
-0.457213 -0.121619 -0.323213 -0.456454 -0.000954 1.433322 1.323029 -0.949121 -0.630428 -0.419268 0.273795 1.236889 -1.014360 0.672574 -0.471962 -0.769582 -0.081200 -0.652809 -0.338158 0.130835 -0.206009 -0.337860 0.474300 -0.281736 -0.602683 -0.406718 -0.683626 -0.826359 -0.138634 0.000000
1.260885 -0.121619 -0.323213 -0.637741 -0.404167 0.476896 0.490426 -0.098897 -0.115627 -0.279291 0.845889 0.035151 0.445245 -0.632341 -0.212445 0.285381 -0.520806 2.593985 -0.338158 -0.376449 -0.314435 -0.337860 -0.598078 -0.797318 0.930039 -0.406718 1.340114 -0.637526 0.116096 1.000000
2.291744 -0.121619 0.657334 -0.405857 -0.187239 -0.068505 -2.001696 0.002067 8.103762 -0.755581 -1.019327 -0.665661 -0.769317 -1.248260 1.830837 1.055129 -0.292106 -0.379089 -0.338158 -0.376449 0.227968 0.073540 1.453079 -0.780321 -0.819150 -0.406718 -0.325901 -0.743230 -0.040273 0.000000
-0.800833 -0.121619 -0.323213 -0.658339 -1.036686 -0.510849 0.678487 -0.949121 -0.543083 0.975407 -1.147555 0.442659 -0.174177 -0.066608 -0.329971 -0.634074 1.123022 -0.974981 -0.338158 -0.376449 -0.314435 -0.337860 -0.103499 2.162909 -0.819150 -0.406718 1.038007 0.558980 -1.226911 0.000000
-0.800833 -0.121619 -0.323213 -0.589688 0.212128 -1.263615 0.364425 -0.746712 0.016953 1.207650 -0.598376 -0.376020 -0.578684 -0.948619 -0.280388 -0.600046 0.186055 -0.793850 -0.338158 -0.376449 -0.314435 -0.086170 0.560270 -0.179096 -0.819150 -0.406718 0.093763 -0.480705 -0.282393 0.000000
1.260885 -0.121619 -0.323213 -0.054132 -0.862642 1.357053 0.398377 0.654158 -0.451044 -1.613977 0.843001 -0.583706 2.766755 -0.552642 -0.619854 2.447617 0.146161 -0.361156 -0.338158 -0.376449 -0.314435 -0.337860 -0.598078 2.599436 1.746327 -0.406718 1.245310 0.765443 0.327950 1.000000
-1.488072 -0.121619 -0.323213 -0.034761 -0.881870 -0.714680 1.431430 -0.846980 0.035948 0.286369 -0.149838 -0.571235 -0.516632 1.570902 -0.505652 -0.676267 0.340923 -0.502883 -0.338158 -0.376449 0.020471 -0.337860 -0.403234 1.130231 -0.417979 -0.406718 -0.735452 0.095728 0.206891 0.000000
-0.800833 -0.121619 -0.323213 -0.658339 0.379845 -0.828531 -0.290195 -0.239604 -0.627451 0.892118 -0.307269 1.118881 -1.116005 0.885024 -0.421529 -0.560802 -0.396954 0.351067 2.694755 -0.376449 -0.314435 -0.337860 -0.598078 -0.569960 0.574208 -0.406718 0.969748 0.993672 -0.239517 0.000000
-1.488072 -0.121619 -0.323213 -0.658339 -1.056879 -0.954613 -0.093060 -0.949121 -0.596347 1.393103 -0.654313 0.020252 -0.840695 0.099006 0.058043 -0.833017 1.316155 -1.079533 -0.338158 1.483748 1.673550 -0.337860 -0.453505 2.378887 -0.819150 -0.406718 -0.802447 -0.080830 -1.455159 0.000000
1.260885 -0.121619 -0.323213 -0.276950 -0.716305 -0.452120 1.006849 -0.574297 0.471911 0.320013 0.506511 -0.536182 0.158314 -0.390171 -0.550007 0.748850 -0.891551 -0.525310 -0.338158 -0.376449 -0.314435 -0.337860 -0.598078 -0.554445 0.571231 -0.406718 1.147979 -0.577402 -0.047839 2.000000
0.917266 -0.121619 -0.323213 -0.349417 1.788028 0.908664 1.002912 -0.901184 -0.671317 -1.553794 1.081060 -0.239958 -0.245305 -0.019800 -0.351863 0.160143 1.013652 -0.576919 -0.338158 -0.376449 -0.314435 -0.337860 -0.506632 -0.028787 -0.505348 -0.406718 0.505843 -0.672643 0.240939 0.000000
-0.113593 -0.121619 -0.323213 -0.196914 -1.033333 1.619384 1.547556 -0.495639 -0.035820 -1.376192 0.726354 -0.312545 2.136433 -1.167102 0.056187 -0.195075 0.997004 -0.713790 -0.338158 -0.376449 -0.314435 -0.337860 6.610772 -0.493622 -0.819150 -0.406718 0.311179 0.481348 -0.501813 0.000000
-0.800833 -0.121619 -0.323213 -0.618656 -0.947532 -0.797392 0.003369 1.273881 -0.526646 -1.386526 0.427830 0.866788 1.695663 4.188057 3.566254 0.468753 -0.793417 2.694989 2.162496 2.495296 1.603704 4.899649 -0.598078 2.322188 1.784868 -0.406718 -1.166492 0.010571 0.097180 1.000000
-0.800833 -0.008873 -0.323213 -0.601350 -0.611952 -0.269311 -0.996645 0.731124 1.115443 0.629423 0.331837 -0.312277 -0.130018 0.321494 0.319473 -0.704088 -0.540829 -0.266441 7.562487 0.139067 -0.314435 0.497875 0.684015 -0.064727 -0.599171 -0.406718 -1.297953 0.755923 1.141321 0.000000
-0.457213 -0.121619 -0.323213 -0.658339 -1.056879 -1.405142 -0.477865 0.613824 -0.478058 0.185264 1.890830 -0.290124 -0.024155 -1.619913 0.253897 5.763069 -0.512928 -0.449259 -0.338158 -0.376449 -0.314435 -0.337860 -0.598078 0.364271 1.227071 2.544089 1.563850 4.531066 -1.259698 1.000000
-0.113593 -0.121619 -0.323213 -0.528133 0.311810 -0.439094 -0.082846 -0.906466 0.415191 0.966687 -0.547705 -0.041275 -0.365091 -0.981034 -0.333703 -0.636635 -0.375477 -0.288283 -0.338158 0.016161 -0.314435 -0.337860 -0.516709 -0.283566 -0.707461 -0.406718 -0.427024 -0.759848 0.059349 0.000000
-0.800833 -0.121619 -0.323213 -0.658339 2.200680 -0.333177 -0.155289 1.159434 -0.618108 -0.342361 0.394748 -0.277359 -1.091956 1.031830 -0.427402 -0.799998 -0.153648 -0.420119 -0.338158 -0.376449 -0.314435 -0.337860 -0.598078 1.351828 -0.593800 -0.406718 1.032950 -0.765313 -0.552255 0.000000
-1.144452 -0.121619 -0.323213 -0.480393 0.595707 -1.137737 0.084996 -0.307885 -0.628068 0.952107 -1.257387 3.329797 -1.034558 0.126326 -0.359143 -0.721191 -0.635135 -0.327285 -0.338158 -0.376449 -0.314435 -0.337860 -0.598078 -0.213213 -0.055957 -0.406718 1.520873 -0.200641 0.018996 0.000000
0.230026 -0.121619 4.527592 -0.658339 1.124289 -1.153886 -0.904145 -0.676335 -0.244069 1.053098 -0.571643 -0.615304 -0.404564 -0.141265 -0.518188 0.178677 -1.247573 -0.492846 -0.338158 -0.376449 -0.314435 -0.337860 0.095744 0.913491 -0.700105 -0.406718 0.772557 0.576082 0.858848 1.000000
0.917266 -0.121619 -0.323213 -0.591683 -0.735455 -0.309755 0.433017 1.900519 -0.452611 -0.305812 1.024956 -0.071505 0.943357 0.230313 0.478813 0.712685 -0.048415 0.584749 0.081881 -0.376449 -0.314435 -0.337860 -0.598078 -0.692313 0.981913 -0.406718 0.944467 -0.187503 -0.036490 1.000000
-0.113593 -0.121619 -0.323213 -0.150864 0.638081 -1.033862 0.140683 0.343067 -0.385396 1.178484 -0.823048 -0.586580 -0.469859 -0.717690 -0.543813 -0.519903 -0.493518 -0.640722 -0.338158 -0.376449 -0.314435 -0.337860 0.180336 -0.265802 -0.552032 2.544089 0.426208 -0.255169 0.556199 1.000000
-0.113593 -0.121619 -0.323213 1.521238 -0.028487 1.048221 -0.926096 0.283297 -0.192380 -0.331320 0.895536 -0.549808 0.507499 -0.791145 -0.423005 -0.326410 0.346296 -0.440552 -0.338158 -0.376449 -0.314435 -0.337860 -0.262227 -0.231655 0.218095 -0.406718 0.491938 -0.304668 0.264898 2.000000
0.230026 -0.121619 -0.323213 -0.607070 -0.609516 -0.131423 -1.051652 2.829897 0.861351 -0.126427 0.366907 1.007771 0.362376 0.902892 -0.619854 0.210889 -0.416449 1.358753 -0.338158 -0.376449 0.181201 -0.337860 -0.309724 0.207689 0.566157 -0.406718 -0.370142 0.200477 0.051783 2.000000
1.604505 -0.121619 -0.323213 -0.203809 -0.717672 -0.571781 -0.151931 0.642270 1.296443 0.553126 -0.750216 -0.716649 0.311680 0.064704 -0.151615 1.030791 -0.888876 -0.674221 0.019873 0.394479 -0.039806 1.328540 -0.438302 -0.131857 1.264313 -0.406718 -1.438262 -0.393026 0.137534 0.000000
-0.800833 -0.121619 -0.323213 -0.658339 -1.056879 5.907935 0.628425 -0.949121 -0.648941 -1.605904 0.175247 2.860322 -0.976945 1.748773 -0.417522 -0.763588 -0.252817 0.708366 -0.338158 -0.376449 -0.314435 -0.337860 0.264937 -0.354522 -0.463771 -0.406718 0.811742 -0.289493 -0.719973 0.000000
0.573646 -0.121619 -0.209764 0.276451 1.566628 -0.658371 -0.394243 -0.260096 0.351061 -0.388099 -0.296510 -0.805527 1.173046 -0.964670 1.691307 0.459377 -0.993618 -0.029853 -0.010901 0.328217 3.199907 1.566102 -0.598078 0.043704 -0.518457 -0.406718 -1.530538 -0.464172 0.775619 2.000000
-0.457213 -0.121619 -0.323213 -0.658339 -0.688225 0.344950 0.683299 -0.357435 0.206629 -0.724821 1.213355 -0.662617 1.860067 -1.316067 0.041700 -0.560607 1.393721 -0.411443 -0.338158 -0.376449 -0.314435 -0.337860 -0.372338 0.528288 0.730132 -0.406718 0.610758 0.006232 -0.564865 2.000000
1.948125 -0.121619 -0.323213 0.022615 0.958473 1.592545 -1.395673 0.017548 1.287118 -0.299868 0.225386 -0.729143 -0.087470 -0.760745 -0.037876 0.136964 -0.554600 -0.449825 -0.338158 -0.376449 -0.192528 -0.152933 -0.385307 -0.671783 -0.381067 -0.406718 -0.820143 -0.911242 0.522150 2.000000
-0.113593 -0.121619 0.454192 -0.498199 -0.942477 0.921411 -1.669182 0.887018 0.392523 1.412822 -0.715466 -0.926880 0.247321 -0.834161 0.259984 -0.450597 0.084602 -0.783356 -0.113907 0.106419 0.201604 -0.076925 -0.097704 -0.600884 -0.681785 -0.406718 -1.703712 -0.481402 0.939554 0.000000
-0.113593 3.131809 6.739917 5.027684 1.861631 -0.920249 -0.267535 -0.127335 1.604840 -1.570780 -1.825725 -0.972702 -1.116005 -1.408909 1.952858 0.428139 -1.056199 -0.814418 1.066971 -0.376449 -0.314435 2.932119 -0.598078 -0.844278 -0.819150 0.249017 -0.327165 0.809029 -0.452633 0.000000
-0.800833 -0.121619 -0.323213 -0.547045 -0.948976 1.466153 -0.295177 -0.803283 -0.436889 0.974798 0.098966 0.030435 -0.677919 -0.402926 -0.579089 -0.763076 -0.379927 0.743601 -0.338158 -0.376449 -0.314435 -0.337860 -0.528528 -0.111276 -0.675950 -0.406718 1.074664 -0.737934 0.268682 2.000000
-1.488072 -0.121619 -0.323213 -0.439222 -0.945069 -0.300120 -0.186501 0.486513 -0.156519 1.089627 -0.443128 0.155858 -0.935481 1.636202 -0.459338 -0.722857 -0.484247 1.294099 -0.031319 -0.376449 -0.314435 -0.337860 -0.598078 0.154817 -0.255286 -0.406718 0.719467 -0.189055 0.025301 0.000000
-0.800833 -0.121619 -0.323213 1.207027 -1.014574 -1.443094 0.331562 -0.813324 -0.503404 1.434046 -0.953858 1.696066 -1.021139 0.733645 -0.619854 -0.702767 -0.887101 0.289505 -0.338158 -0.376449 -0.314435 -0.337860 -0.598078 0.153270 -0.196897 -0.406718 1.337586 0.032423 0.070698 0.000000
-1.144452 -0.121619 -0.323213 -0.426144 1.063981 -0.189889 0.626496 -0.568790 -0.257470 -0.196391 -0.143549 0.256440 -0.733406 -0.252747 -0.534806 -0.687098 0.865798 -0.527392 -0.338158 -0.376449 -0.314435 -0.337860 -0.017663 0.332087 -0.321217 -0.406718 1.185900 -0.277434 -0.225646 0.000000
-0.457213 -0.121619 -0.323213 -0.658339 -0.244809 -1.579206 -2.120216 -0.949121 -0.671317 -1.694314 -1.825725 0.039232 4.873137 0.115336 0.027822 2.278423 4.681228 2.658036 -0.338158 -0.376449 -0.314435 -0.337860 2.716985 7.666271 1.456019 0.576884 2.203458 3.789234 -0.602697 0.000000
0.573646 -0.111690 0.071489 3.055626 -0.005840 -0.827726 -1.447358 -0.771552 0.565566 1.128452 -1.065683 -0.908078 -0.446150 -1.239970 -0.288959 0.052631 -0.249403 -0.267991 0.167869 -0.376449 -0.314435 -0.190659 -0.089981 -0.684088 -0.470437 -0.406718 -0.066771 -0.838672 0.991257 2.000000
1.948125 -0.121619 -0.275928 0.824366 -0.654285 0.702270 -1.839781 -0.502393 -0.205739 1.735318 -0.877259 -0.777605 -0.821761 -1.019088 0.486135 -0.037264 -0.029937 -0.487620 0.207439 -0.376449 -0.314435 -0.179148 -0.293729 -0.671561 -0.735598 -0.406718 -0.193176 -0.816897 0.786969 2.000000
0.917266 -0.121619 -0.323213 -0.601523 -0.913368 -0.459844 0.744199 -0.865364 -0.464184 0.509058 -0.491298 1.514670 -0.133009 0.494819 -0.619854 0.355964 -0.174793 0.068853 -0.338158 -0.376449 -0.314435 -0.337860 -0.598078 1.033922 -0.270870 -0.406718 1.304721 -0.061831 0.190497 2.000000
0.573646 -0.121619 -0.323213 -0.637620 -0.790448 -0.028032 -0.521247 -0.704767 -0.354065 1.051415 0.556598 -0.972702 -0.194213 0.445311 0.199771 -0.411144 -0.364576 -0.636110 3.317665 2.060087 -0.314435 -0.337860 -0.481545 0.289405 -0.419261 -0.701799 -0.761239 -0.532397 -0.147083 0.000000
-1.488072 0.026210 -0.323213 -0.583617 -0.713717 -0.156138 -0.941662 2.355510 -0.126492 1.153796 0.112617 -0.010558 -0.746634 -0.017182 -0.127207 -0.833017 -0.584949 0.519620 3.428784 0.975410 -0.314435 0.757931 -0.598078 -0.333216 0.623000 -0.406718 -1.091913 1.223024 1.325432 0.000000
0.230026 -0.121619 -0.323213 -0.641475 -0.460527 0.569328 0.758155 -0.302741 -0.400801 -0.233086 0.940944 0.482181 -0.462992 0.444024 -0.063926 -0.432415 -0.169262 1.767671 0.086923 -0.223899 -0.151405 -0.337860 -0.598078 -0.152228 -0.298383 -0.406718 -0.692474 -0.800978 -0.234473 2.000000
0.230026 -0.121619 -0.323213 -0.486815 -0.158876 1.259381 0.672091 -0.746835 -0.521240 -0.884693 1.517359 1.456742 -0.381172 0.219608 -0.280595 -0.483774 0.101655 1.653194 -0.338158 -0.376449 -0.314435 -0.337860 -0.501608 -0.140398 -0.620524 -0.406718 0.761180 -0.699184 0.532239 0.000000
-1.144452 -0.121619 -0.323213 0.445856 -0.042678 -0.773494 0.367760 -0.949121 -0.492405 0.127296 0.496716 -0.972702 -0.711687 3.024014 -0.215410 -0.694235 0.020149 -0.787791 -0.338158 4.062842 0.871628 -0.337860 0.781992 -0.284862 -0.819150 2.544089 -1.141211 2.370582 -0.591347 0.000000
-0.800833 -0.121619 -0.323213 1.033666 0.103901 -1.016765 -0.108100 -0.825945 -0.610394 1.050725 -1.034886 2.900484 -1.029956 -0.117628 -0.344411 -0.714872 -0.474898 -0.582812 -0.338158 -0.376449 -0.314435 -0.337860 -0.598078 -0.844278 -0.819150 -0.406718 -1.503993 -0.717789 -4.747733 0.000000
0.573646 -0.034905 -0.323213 0.481266 -0.281901 0.579625 -1.898006 1.829312 2.412680 -0.125647 -0.688726 0.776870 0.653440 -0.928637 0.897283 1.174996 -1.230447 -0.506289 -0.338158 0.416529 1.804196 -0.337860 -0.105042 0.204954 -0.565367 -0.406718 -1.067897 -0.453492 1.737792 0.000000
0.917266 -0.121619 -0.323213 -0.253969 -0.418049 -0.485116 -1.081530 0.004662 -0.423652 1.768215 -0.646355 -0.826913 -0.622944 -1.354609 -0.299931 -0.229230 0.384862 0.574347 -0.338158 -0.376449 -0.314435 0.136541 0.675527 -0.549272 -0.756715 -0.406718 -0.309468 -0.618424 -0.109630 0.000000
-0.113593 -0.121619 -0.323213 1.236483 1.253638 0.351693 -1.384109 0.206731 1.139022 -0.007475 -1.069881 -0.720307 0.229764 -0.877964 0.026315 0.201718 -0.869296 -0.846478 -0.338158 1.101164 1.580508 0.620320 0.504373 -0.695317 0.820206 2.544089 -1.166492 -0.276238 0.127445 1.000000
-1.144452 -0.121619 -0.323213 -0.633432 -1.045440 -0.614137 0.433317 -0.214759 -0.344422 1.109639 -0.358872 0.246014 -0.500387 0.171375 -0.537746 -0.776668 0.000746 1.230354 -0.338158 -0.376449 -0.314435 -0.337860 -0.457991 0.575338 -0.434576 -0.406718 0.723259 -0.151554 -0.016313 0.000000
0.230026 -0.121619 -0.323213 -0.658339 -0.048841 0.884397 2.465812 -0.831456 -0.671317 -1.658938 1.475885 -0.767153 1.251325 1.048806 0.169501 -0.020431 0.277759 -0.889735 -0.338158 -0.376449 -0.314435 -0.337860 0.524209 -0.298371 0.875377 -0.406718 0.819326 0.304423 -0.086931 2.000000
0.230026 -0.121619 -0.323213 -0.658339 -0.753791 0.835498 1.358382 0.996693 -0.636945 -1.673421 2.503812 -0.547809 1.952167 0.164415 -0.153658 0.553408 0.347474 0.153520 -0.338158 -0.376449 -0.314435 -0.337860 -0.067816 0.767796 0.454588 2.544089 0.198679 0.188527 -0.187815 1.000000
-1.144452 -0.121619 -0.323213 -0.259505 -0.751605 -0.356913 1.524325 -0.818465 -0.671317 -1.684493 0.939415 -0.002666 0.344388 2.573539 -0.473770 -0.732761 4.448543 0.184991 -0.338158 -0.376449 -0.314435 -0.337860 0.648121 0.671174 -0.477037 -0.406718 0.330140 0.509123 0.024040 0.000000
-0.457213 -0.121619 -0.323213 2.954848 1.017310 -0.556434 -0.786737 1.163107 0.123572 -0.037702 0.096006 -0.451309 -0.859384 -0.126511 -0.414494 0.224005 -0.513881 -0.931398 -0.338158 -0.376449 -0.314435 -0.337860 -0.598078 -0.844278 -0.819150 -0.406718 -1.996971 -0.816346 -4.495525 1.000000
-1.144452 -0.121619 -0.323213 0.365389 -0.116588 -1.131008 0.570895 -0.949121 -0.505443 0.549099 0.327469 -0.972702 0.383410 0.389322 -0.244884 -0.704349 -0.265813 -0.809051 -0.338158 3.739331 0.785194 -0.337860 1.321169 -0.584954 -0.819150 2.544089 -1.115930 2.399421 -0.175204 0.000000
-0.113593 -0.121619 -0.323213 -0.658339 3.896361 -0.704760 -0.470081 -0.949121 -0.088793 -0.602533 -1.732370 -0.286889 -0.128683 0.228121 -0.180908 0.522577 -0.724793 2.086773 -0.338158 0.828050 -0.314435 -0.337860 0.150823 -0.540709 -0.305170 2.544089 -0.269019 2.922864 -0.931828 0.000000
-0.457213 -0.121619 -0.323213 -0.658339 0.734173 0.276329 0.076635 0.106863 0.576378 -1.359198 3.001058 -0.460285 0.523317 -0.264228 -0.488668 -0.562923 0.144009 -0.417121 -0.338158 -0.376449 -0.314435 -0.337860 -0.150435 1.151710 -0.204704 -0.406718 0.418623 0.081032 -0.127285 0.000000
0.573646 -0.121619 -0.323213 4.061023 0.462299 -0.217843 -0.778584 0.741411 1.386872 -0.423681 -0.898045 -0.461572 -0.461923 -0.451276 -0.329061 0.863308 -1.193790 -0.450249 -0.338158 0.022529 0.538339 3.542994 0.642252 -0.643169 0.202354 -0.078851 -0.951604 0.153183 0.379653 1.000000
-0.457213 -0.121619 -0.323213 0.196642 0.361021 -1.173694 0.194195 -0.809077 -0.498152 0.758233 -0.926589 2.727529 -1.037739 0.387745 -0.619854 -0.698693 -0.197906 -0.797162 -0.338158 -0.376449 -0.314435 0.010421 -0.598078 -0.140398 0.005911 -0.406718 0.321292 0.088492 -0.001181 0.000000
-1.144452 -0.121619 -0.323213 -0.658339 -0.818017 3.177887 1.661900 -0.809713 -0.602366 -0.323775 -0.426794 1.401732 -0.905646 -0.223921 -0.121072 -0.811623 -0.283757 -0.719740 -0.338158 0.222355 -0.314435 -0.337860 0.465658 -0.736481 -0.344614 -0.406718 -0.969301 -0.849320 -0.365621 0.000000
-0.800833 -0.121619 -0.323213 -0.658339 -0.369963 -0.384549 -0.059382 -0.472367 -0.052333 1.038004 -0.734555 1.161459 -0.866215 -0.319279 -0.353329 -0.764425 0.676091 -0.887277 -0.338158 -0.010767 -0.314435 -0.337860 -0.370714 -0.199139 -0.351021 -0.406718 -0.597671 -0.458160 -0.170160 0.000000
1.604505 -0.121619 -0.154598 2.853616 1.353550 0.473700 0.249380 1.326595 -0.643177 -1.685761 1.502327 -0.674543 -0.193931 -0.013037 -0.110966 1.000510 -0.652862 0.297027 -0.338158 -0.376449 -0.314435 -0.337860 -0.381020 -0.052413 -0.372242 2.544089 0.312443 0.289525 0.732744 2.000000
0.917266 -0.121619 0.867273 1.339842 -0.014081 -0.982736 -0.005496 1.282454 0.211675 0.425781 -0.785650 -0.387950 -0.218052 -0.321148 1.675626 0.331378 -1.053471 -0.863556 0.043407 0.171287 1.441654 2.326045 0.083034 -0.016005 -0.234830 -0.406718 -1.597532 -0.297525 1.066919 1.000000
1.260885 -0.121619 -0.323213 0.122095 -0.061286 0.391159 1.338122 -0.693454 -0.102278 -0.775772 0.545299 0.076867 0.384278 0.218165 -0.505511 -0.009062 -0.149156 1.188675 -0.338158 -0.376449 -0.314435 -0.337860 -0.500536 -0.330272 -0.618317 -0.406718 0.687865 -0.731561 0.121140 0.000000
0.573646 -0.121619 -0.323213 0.348629 1.426641 0.331188 -1.489965 -0.545937 0.235117 0.561959 -0.448626 -0.908673 -0.347845 -1.212097 0.445658 -0.481456 0.058798 -0.724795 -0.338158 -0.376449 -0.314435 -0.337860 -0.248480 -0.589199 -0.435257 2.544089 0.413567 -0.851064 -0.049100 2.000000
-0.800833 0.001121 -0.245767 -0.179738 0.099089 -0.531526 0.415985 -0.635546 0.491893 0.371887 -0.595393 0.898897 -0.677887 -0.389834 -0.386119 -0.692659 0.366550 0.016388 -0.338158 -0.376449 -0.314435 -0.337860 -0.398686 -0.440157 -0.408615 -0.406718 0.830703 -0.444156 1.882812 0.000000
0.230026 10.465808 2.599461 -0.491103 0.052496 -1.261930 -1.513123 -0.620406 0.114499 0.088690 -1.122234 -0.757365 -0.595499 -1.127571 -0.619854 -0.517728 -1.252072 -0.593489 -0.103970 -0.376449 -0.314435 -0.065362 -0.598078 0.214801 -0.747424 2.544089 -0.711435 0.319236 0.720134 1.000000
-1.144452 -0.121619 -0.323213 0.102144 -0.562107 -0.996549 0.128784 -0.637707 -0.163032 1.231485 -0.137347 -0.510294 -0.872350 0.832174 -0.410942 -0.761330 -0.653192 0.578135 -0.338158 0.005730 -0.314435 -0.337860 -0.598078 0.022606 0.077803 -0.406718 -0.413120 -0.423446 0.097180 0.000000
1.604505 -0.121619 -0.323213 1.177415 -0.226984 -0.119341 0.214546 0.277140 -0.022978 0.597171 -0.920775 -0.067825 -0.867872 -0.353244 -0.383464 0.497281 -0.279467 -0.465668 -0.338158 -0.376449 -0.314435 -0.337860 -0.436753 -0.419219 -0.542351 -0.406718 0.462865 -0.723306 0.146361 0.000000
0.230026 -0.076502 -0.323213 0.892394 0.325573 0.427619 -0.450234 -0.545699 0.426116 -1.380987 1.435914 -0.620332 1.063441 0.048936 0.131912 0.559987 0.957322 -0.103427 0.236668 -0.376449 -0.314435 0.330999 -0.085032 -0.220384 0.413233 -0.406718 -0.102164 0.155887 1.160236 1.000000
-0.800833 -0.121619 -0.323213 0.120293 0.711184 -1.195702 -0.438901 -0.821583 -0.560926 1.004142 -0.354839 1.812258 -1.026909 0.181173 -0.619854 -0.759620 -0.478183 -0.822378 -0.338158 -0.376449 -0.314435 -0.337860 -0.476432 -0.548421 0.349669 -0.406718 0.849663 -0.003649 -0.069277 0.000000
-1.488072 -0.121619 -0.323213 -0.279805 1.280320 -0.060052 0.485910 -0.825115 -0.395316 -0.734301 -0.970583 3.413986 -0.942747 0.396627 -0.481205 -0.785441 1.253407 -0.979520 -0.338158 -0.376449 -0.314435 -0.337860 0.348138 1.265255 -0.656800 -0.406718 1.067080 0.578315 -0.437500 0.000000
0.230026 -0.121619 -0.323213 0.134806 0.904472 0.704608 -0.779878 0.310059 -0.471134 -0.457206 1.403763 -0.933422 1.447531 -1.081063 1.491949 -0.211887 -0.803689 -0.209057 -0.338158 -0.376449 -0.314435 -0.337860 -0.598078 -0.844278 0.947132 -0.406718 1.627053 -0.098122 0.562504 1.000000
-0.113593 -0.121619 -0.323213 -0.150864 0.638081 -1.033862 0.140683 0.343067 -0.385396 1.178484 -0.823048 -0.586580 -0.469859 -0.717690 -0.543813 -0.519903 -0.493518 -0.640722 -0.338158 -0.376449 -0.314435 -0.337860 0.180336 -0.265802 -0.552032 2.544089 0.426208 -0.255169 0.556199 1.000000
-0.457213 -0.121619 -0.323213 -0.658339 -0.535732 -0.037355 0.194214 -0.718380 0.099026 -0.341568 0.670785 0.337315 1.108450 -0.583114 -0.361866 -0.567437 1.609933 -0.521240 -0.338158 -0.376449 -0.314435 -0.337860 -0.377997 0.761510 -0.063929 -0.406718 0.715674 -0.036319 -0.346706 2.000000
1.260885 0.087343 0.012405 0.205847 0.107291 1.107071 1.114276 -0.326293 -0.377268 -0.306953 0.153474 -0.849064 -0.530600 -0.674939 -0.366628 -0.007533 -0.422729 0.473104 -0.338158 -0.376449 0.428172 -0.056235 -0.490068 0.425400 -0.745021 -0.406718 -0.791070 -0.521525 1.557464 2.000000
1.260885 -0.098126 0.610659 -0.230848 4.069373 -0.518635 -0.581734 -0.739055 -0.446202 -0.857501 0.155705 -0.544576 0.077554 -0.960682 -0.071821 0.483361 -0.891173 -0.514791 -0.038841 0.053220 0.144751 0.010421 -0.598078 -0.844278 0.464279 -0.406718 -0.784750 -0.248648 1.373352 1.000000
-1.144452 -0.121619 -0.323213 -0.658339 -0.652013 -0.396139 -0.058264 0.520005 -0.559527 1.040753 -0.683632 1.248237 -1.037058 0.919042 -0.556677 -0.811338 -0.471293 1.791524 -0.338158 -0.376449 -0.314435 -0.337860 -0.490289 0.073263 1.178218 -0.406718 0.624663 -0.445976 -0.201686 0.000000
-1.144452 -0.121619 -0.323213 -0.294913 -0.838621 0.513722 0.367898 -0.124881 0.123639 0.622663 -0.904537 -0.648732 0.219855 -0.385383 -0.343384 -0.674902 0.735534 -0.880103 0.366504 0.887976 -0.314435 -0.337860 0.188081 -0.143199 -0.387509 -0.406718 -0.710171 -0.175200 0.336778 0.000000
1.260885 -0.121619 0.171756 1.154283 -0.264901 0.322087 -1.361518 -0.243975 1.476347 0.852474 -0.599029 -0.956494 -0.307097 -0.555818 -0.412377 -0.149552 -0.678548 -0.810142 -0.338158 -0.376449 -0.314435 -0.337860 0.393074 -0.700790 -0.576207 -0.406718 0.187303 -0.750233 0.562504 2.000000
-0.800833 -0.121619 -0.323213 -0.303696 -0.948299 -0.311198 -0.510951 0.154585 -0.125422 1.335780 -0.458210 -0.744378 -0.450482 0.890826 -0.295108 -0.543287 -0.158445 0.888195 -0.338158 -0.198224 0.066502 -0.337860 -0.376454 -0.619688 -0.362840 -0.406718 -1.059048 -0.511508 0.021518 2.000000
0.230026 -0.121619 2.338084 -0.658339 1.478241 -1.004181 3.991564 -0.500145 -0.671317 -1.694314 -1.799034 0.056714 1.173626 0.205356 -0.368858 -0.187059 1.035197 -0.264789 -0.338158 -0.376449 -0.314435 -0.337860 1.328971 0.023650 0.503408 -0.406718 0.978596 0.594899 0.652038 2.000000
2.291744 -0.121619 -0.323213 0.019572 1.087836 1.182645 -1.391839 0.346349 1.552971 -0.264369 -0.003816 -0.730231 -0.226523 -0.558671 -0.040477 0.232034 -0.588794 -0.452639 -0.338158 -0.376449 -0.193073 -0.153760 -0.386257 -0.672554 -0.383025 -0.406718 -0.820143 -0.927395 0.522150 2.000000
-1.488072 -0.121619 -0.323213 -0.658339 -0.874892 -0.147902 0.469135 -0.832286 -0.642423 0.263966 0.507999 -0.156304 -0.822176 0.580003 -0.489223 -0.833017 2.836675 -0.985303 -0.338158 -0.376449 -0.314435 -0.337860 0.070546 -0.031192 -0.054342 -0.406718 0.878737 0.556383 -0.440022 0.000000
-1.488072 -0.121619 -0.323213 -0.658339 -0.863539 -0.749793 -0.223058 0.096129 -0.218958 1.276341 -0.349948 0.054395 -1.042985 1.762805 -0.473770 -0.807953 -0.186819 1.080696 -0.058905 -0.376449 -0.314435 -0.337860 -0.598078 -0.086552 -0.049396 -0.406718 0.794045 -0.230980 -0.115935 0.000000
-0.113593 -0.121619 0.932208 -0.402924 -0.228455 -1.055035 -0.708439 0.086330 -0.380331 1.118044 -0.561040 -0.767153 1.330236 0.092096 -0.514607 0.304603 -1.178448 -0.054622 0.868976 0.923179 0.302857 -0.103760 0.389535 0.247536 -0.695911 2.544089 -1.646830 -0.697986 0.543588 1.000000
-1.144452 -0.121619 -0.323213 -0.658339 -0.830970 -0.026107 0.373624 -0.949121 -0.547163 0.699695 1.278161 -0.972702 -1.100418 1.865274 -0.619854 -0.811616 0.161502 0.630059 -0.338158 -0.376449 -0.314435 -0.337860 -0.598078 -0.844278 -0.819150 -0.406718 -1.156380 -0.820661 -4.572448 0.000000
0.917266 -0.121619 -0.185134 2.786458 -0.635975 1.533980 -0.375585 0.075847 -0.256539 -0.468703 0.168422 0.085332 -0.334884 0.054826 -0.411491 0.096465 0.011197 -0.328025 0.060146 -0.376449 -0.314435 -0.337860 -0.420330 -0.411973 0.400757 -0.406718 0.421151 -0.121810 0.702479 2.000000
-0.113593 -0.121619 -0.323213 -0.314311 1.400813 -0.365887 0.269877 -0.723717 -0.541251 0.061983 -0.316011 -0.693789 -1.042522 1.064860 -0.619854 -0.631232 0.797062 -1.079533 -0.338158 -0.376449 -0.314435 -0.337860 -0.598078 -0.001856 0.410439 -0.406718 1.764834 -0.721018 0.167798 0.000000
-0.457213 -0.121619 -0.323213 -0.497384 -0.564089 -0.616147 -0.286743 -0.843665 0.111067 1.111593 0.493869 -0.765452 -0.629781 -0.627080 0.028646 -0.711638 0.556064 -0.314057 -0.112765 -0.052898 -0.314435 -0.337860 0.810103 -0.395784 -0.750117 -0.406718 -0.585030 -0.596323 -0.491725 0.000000
0.230026 -0.121619 -0.323213 -0.397119 -0.750302 0.136262 -0.501618 1.874836 0.217513 0.119488 0.453352 -0.598977 -0.159508 0.797040 0.719657 0.775739 -0.948985 -0.803463 0.027640 1.198857 8.944944 0.087777 0.871098 0.412962 0.077129 -0.406718 -1.574780 -0.416130 0.408657 1.000000
0.573646 -0.121619 -0.323213 -0.395490 -0.010699 -0.294170 0.347501 -0.432472 -0.351898 -0.018056 1.798495 -0.333406 -0.033235 0.185683 -0.427302 -0.040140 -0.567440 -0.385053 -0.338158 -0.376449 -0.314435 -0.337860 -0.269558 -0.644528 0.871854 -0.406718 0.579157 -0.097428 0.189236 2.000000
0.917266 -0.121619 2.391212 -0.658339 -0.153360 0.211475 -0.905052 0.424696 -0.029575 0.795361 0.376357 -0.461607 -0.049640 -0.552970 -0.562964 0.143062 -0.938808 0.520929 -0.338158 -0.376449 -0.314435 -0.337860 -0.209827 -0.804933 -0.086381 -0.406718 0.460337 -0.515900 0.827322 1.000000
-0.113593 -0.041527 1.091799 -0.496405 -1.056879 0.813551 -0.569513 -0.710400 -0.671317 -1.371346 2.772306 1.216662 0.818489 -0.700496 6.319796 0.174454 0.334365 4.118866 0.682282 2.553227 -0.314435 6.786360 -0.142695 -0.844278 -0.819150 -0.406718 -1.347251 1.294381 -0.274826 1.000000
-1.488072 -0.121619 -0.323213 -0.165433 -0.490963 -0.899439 1.794709 0.213491 -0.311924 -1.508623 0.558738 1.629477 -0.912959 3.230954 2.792375 -0.777261 0.865578 0.209764 0.283057 7.203446 -0.314435 1.107815 4.946413 0.953703 -0.819150 -0.406718 -1.026183 0.287743 -0.714929 0.000000
-0.113593 -0.084164 2.654606 1.613546 0.560329 1.180956 -1.672302 2.511686 3.276680 -1.450976 -1.772631 0.294943 2.377916 -1.524364 0.628362 0.708925 -0.635740 -1.079533 0.139056 -0.033930 1.515810 0.217419 -0.172153 0.018971 -0.380674 -0.406718 -0.957924 0.066384 1.093401 1.000000
