0.037037 0.018519 0.018519 0.009259 0.037037 0.018519 0.046296 0.055556 0.037037 0.046296 0.074074 0.009259 0.046296 0.018519 0.027778 0.009259 0.000000 0.000000 0.000000 0.000000 0.000000 0.000000 0.018519 0.009259 0.018519 0.000000 0.027778 0.027778 0.055556 0.018519 0.000000 0.009259 0.000000 0.009259 0.009259 0.000000 0.000000 0.000000 0.000000 0.009259 0.009259 0.018519 0.000000 0.018519 0.009259 0.037037 0.027778 0.018519 0.009259 0.027778 0.027778 0.027778 0.018519 0.009259 0.000000 0.009259 0.009259 0.000000 0.000000
0.040000 0.040000 0.000000 0.040000 0.040000 0.080000 0.000000 0.000000 0.040000 0.120000 0.000000 0.040000 0.040000 0.040000 0.040000 0.000000 0.000000 0.000000 0.000000 0.000000 0.000000 0.000000 0.040000 0.000000 0.000000 0.000000 0.000000 0.040000 0.040000 0.000000 0.000000 0.000000 0.000000 0.000000 0.000000 0.000000 0.000000 0.000000 0.000000 0.000000 0.000000 0.040000 0.080000 0.000000 0.000000 0.000000 0.080000 0.000000 0.040000 0.000000 0.000000 0.040000 0.000000 0.000000 0.000000 0.000000 0.000000 0.040000 0.000000
0.011236 0.022472 0.011236 0.022472 0.022472 0.011236 0.044944 0.022472 0.033708 0.044944 0.033708 0.044944 0.044944 0.000000 0.022472 0.022472 0.000000 0.011236 0.011236 0.000000 0.000000 0.011236 0.011236 0.011236 0.011236 0.033708 0.022472 0.044944 0.022472 0.044944 0.011236 0.000000 0.011236 0.000000 0.011236 0.022472 0.011236 0.011236 0.022472 0.011236 0.022472 0.011236 0.033708 0.022472 0.000000 0.011236 0.022472 0.022472 0.011236 0.000000 0.011236 0.011236 0.011236 0.022472 0.011236 0.011236 0.000000 0.000000 2.000000
0.031646 0.000000 0.018987 0.031646 0.012658 0.044304 0.037975 0.044304 0.031646 0.018987 0.000000 0.018987 0.050633 0.000000 0.037975 0.037975 0.006329 0.000000 0.050633 0.000000 0.018987 0.018987 0.000000 0.000000 0.006329 0.012658 0.006329 0.031646 0.031646 0.012658 0.012658 0.012658 0.000000 0.044304 0.006329 0.006329 0.000000 0.025316 0.006329 0.031646 0.018987 0.000000 0.012658 0.025316 0.012658 0.025316 0.037975 0.037975 0.012658 0.006329 0.025316 0.006329 0.006329 0.000000 0.000000 0.000000 0.012658 0.000000 2.000000
0.073171 0.048780 0.024390 0.000000 0.024390 0.048780 0.024390 0.060976 0.073171 0.048780 0.012195 0.024390 0.012195 0.024390 0.024390 0.012195 0.024390 0.000000 0.000000 0.012195 0.012195 0.000000 0.000000 0.012195 0.012195 0.000000 0.000000 0.024390 0.024390 0.000000 0.012195 0.012195 0.000000 0.000000 0.000000 0.000000 0.000000 0.000000 0.000000 0.000000 0.024390 0.036585 0.024390 0.024390 0.048780 0.012195 0.012195 0.012195 0.024390 0.024390 0.036585 0.012195 0.012195 0.000000 0.000000 0.012195 0.000000 0.000000 2.000000
0.000000 0.000000 0.000000 0.034483 0.103448 0.000000 0.000000 0.000000 0.000000 0.137931 0.034483 0.000000 0.000000 0.034483 0.068966 0.000000 0.000000 0.000000 0.000000 0.000000 0.000000 0.000000 0.034483 0.034483 0.034483 0.000000 0.000000 0.034483 0.000000 0.000000 0.000000 0.000000 0.000000 0.034483 0.000000 0.000000 0.000000 0.000000 0.000000 0.000000 0.068966 0.034483 0.068966 0.034483 0.034483 0.000000 0.034483 0.000000 0.000000 0.034483 0.000000 0.000000 0.000000 0.068966 0.034483 0.000000 0.000000 0.000000 0.000000
0.008929 0.000000 0.026786 0.017857 0.017857 0.035714 0.026786 0.044643 0.053571 0.026786 0.017857 0.044643 0.008929 0.000000 0.017857 0.008929 0.000000 0.000000 0.000000 0.008929 0.008929 0.008929 0.008929 0.017857 0.000000 0.026786 0.008929 0.062500 0.044643 0.000000 0.017857 0.008929 0.000000 0.000000 0.017857 0.000000 0.026786 0.000000 0.026786 0.035714 0.035714 0.008929 0.017857 0.008929 0.017857 0.044643 0.053571 0.017857 0.017857 0.000000 0.017857 0.008929 0.035714 0.000000 0.008929 0.017857 0.000000 0.000000 2.000000
0.014085 0.000000 0.000000 0.042254 0.056338 0.070423 0.014085 0.098592 0.070423 0.070423 0.014085 0.056338 0.042254 0.000000 0.028169 0.000000 0.000000 0.000000 0.000000 0.014085 0.000000 0.000000 0.000000 0.014085 0.000000 0.028169 0.014085 0.028169 0.014085 0.000000 0.000000 0.000000 0.000000 0.000000 0.000000 0.000000 0.000000 0.000000 0.014085 0.014085 0.000000 0.000000 0.014085 0.014085 0.014085 0.014085 0.042254 0.042254 0.028169 0.056338 0.042254 0.000000 0.014085 0.000000 0.000000 0.000000 0.000000 0.000000 0.000000
0.000000 0.000000 0.105263 0.000000 0.026316 0.026316 0.026316 0.000000 0.026316 0.052632 0.078947 0.026316 0.052632 0.026316 0.105263 0.000000 0.000000 0.026316 0.026316 0.000000 0.000000 0.000000 0.000000 0.000000 0.000000 0.026316 0.000000 0.000000 0.000000 0.026316 0.000000 0.000000 0.026316 0.000000 0.000000 0.000000 0.000000 0.000000 0.000000 0.000000 0.026316 0.026316 0.000000 0.000000 0.000000 0.026316 0.026316 0.000000 0.000000 0.078947 0.026316 0.026316 0.000000 0.078947 0.000000 0.000000 0.000000 0.000000 0.000000
0.027027 0.000000 0.009009 0.018018 0.036036 0.090090 0.045045 0.081081 0.072072 0.027027 0.090090 0.018018 0.027027 0.009009 0.027027 0.018018 0.000000 0.000000 0.000000 0.000000 0.000000 0.000000 0.000000 0.009009 0.000000 0.018018 0.000000 0.009009 0.036036 0.018018 0.009009 0.000000 0.000000 0.000000 0.000000 0.000000 0.000000 0.000000 0.000000 0.009009 0.000000 0.000000 0.018018 0.000000 0.018018 0.018018 0.018018 0.054054 0.027027 0.018018 0.018018 0.027027 0.063063 0.009009 0.009009 0.000000 0.000000 0.000000 2.000000
0.029412 0.022059 0.036765 0.014706 0.014706 0.073529 0.022059 0.066176 0.022059 0.029412 0.029412 0.000000 0.022059 0.022059 0.007353 0.007353 0.014706 0.007353 0.007353 0.029412 0.000000 0.000000 0.007353 0.014706 0.022059 0.014706 0.036765 0.051471 0.051471 0.000000 0.000000 0.007353 0.014706 0.000000 0.007353 0.007353 0.007353 0.000000 0.014706 0.014706 0.036765 0.014706 0.022059 0.007353 0.000000 0.022059 0.022059 0.036765 0.014706 0.000000 0.014706 0.014706 0.014706 0.014706 0.007353 0.000000 0.007353 0.000000 2.000000
0.013889 0.027778 0.000000 0.041667 0.000000 0.013889 0.013889 0.041667 0.027778 0.055556 0.055556 0.083333 0.000000 0.027778 0.013889 0.041667 0.013889 0.013889 0.013889 0.013889 0.000000 0.000000 0.000000 0.027778 0.000000 0.000000 0.000000 0.000000 0.013889 0.013889 0.055556 0.000000 0.000000 0.013889 0.041667 0.000000 0.027778 0.000000 0.041667 0.013889 0.027778 0.013889 0.000000 0.013889 0.041667 0.000000 0.000000 0.013889 0.000000 0.000000 0.027778 0.027778 0.041667 0.000000 0.000000 0.000000 0.027778 0.000000 1.000000
0.012346 0.037037 0.000000 0.000000 0.012346 0.037037 0.012346 0.049383 0.049383 0.074074 0.049383 0.037037 0.049383 0.049383 0.024691 0.012346 0.012346 0.000000 0.012346 0.000000 0.000000 0.000000 0.049383 0.000000 0.000000 0.012346 0.000000 0.000000 0.049383 0.024691 0.000000 0.012346 0.000000 0.012346 0.000000 0.000000 0.012346 0.000000 0.024691 0.000000 0.000000 0.012346 0.000000 0.000000 0.024691 0.012346 0.012346 0.037037 0.012346 0.024691 0.024691 0.024691 0.024691 0.037037 0.000000 0.000000 0.012346 0.012346 0.000000
0.112500 0.012500 0.012500 0.012500 0.062500 0.037500 0.025000 0.075000 0.037500 0.075000 0.012500 0.025000 0.025000 0.025000 0.012500 0.012500 0.012500 0.000000 0.000000 0.000000 0.000000 0.050000 0.000000 0.000000 0.000000 0.000000 0.000000 0.012500 0.000000 0.000000 0.025000 0.000000 0.000000 0.000000 0.000000 0.000000 0.000000 0.000000 0.012500 0.000000 0.012500 0.037500 0.037500 0.025000 0.025000 0.012500 0.012500 0.012500 0.025000 0.012500 0.012500 0.037500 0.000000 0.012500 0.025000 0.000000 0.000000 0.012500 2.000000
0.035398 0.000000 0.000000 0.017699 0.026549 0.079646 0.026549 0.026549 0.053097 0.061947 0.044248 0.008850 0.008850 0.070796 0.017699 0.044248 0.000000 0.000000 0.000000 0.000000 0.000000 0.017699 0.000000 0.000000 0.000000 0.026549 0.035398 0.035398 0.008850 0.035398 0.000000 0.008850 0.000000 0.000000 0.000000 0.017699 0.000000 0.000000 0.000000 0.000000 0.044248 0.044248 0.000000 0.000000 0.000000 0.035398 0.017699 0.035398 0.008850 0.053097 0.008850 0.026549 0.008850 0.000000 0.000000 0.000000 0.008850 0.000000 0.000000
0.028169 0.014085 0.014085 0.000000 0.042254 0.042254 0.028169 0.028169 0.014085 0.084507 0.070423 0.028169 0.056338 0.056338 0.028169 0.014085 0.000000 0.000000 0.000000 0.000000 0.000000 0.000000 0.000000 0.000000 0.000000 0.000000 0.000000 0.000000 0.000000 0.000000 0.000000 0.014085 0.000000 0.000000 0.000000 0.000000 0.000000 0.000000 0.014085 0.000000 0.000000 0.000000 0.000000 0.028169 0.042254 0.042254 0.056338 0.042254 0.042254 0.042254 0.070423 0.000000 0.000000 0.014085 0.014085 0.028169 0.000000 0.000000 0.000000
0.036364 0.000000 0.036364 0.018182 0.000000 0.018182 0.000000 0.127273 0.054545 0.036364 0.109091 0.090909 0.018182 0.018182 0.000000 0.000000 0.000000 0.018182 0.000000 0.000000 0.000000 0.000000 0.000000 0.000000 0.000000 0.000000 0.000000 0.018182 0.036364 0.054545 0.000000 0.000000 0.000000 0.000000 0.000000 0.000000 0.000000 0.018182 0.000000 0.000000 0.000000 0.000000 0.000000 0.000000 0.018182 0.018182 0.054545 0.054545 0.090909 0.036364 0.000000 0.000000 0.000000 0.000000 0.018182 0.000000 0.000000 0.000000 0.000000
0.014493 0.028986 0.000000 0.000000 0.000000 0.043478 0.028986 0.043478 0.130435 0.028986 0.014493 0.057971 0.072464 0.014493 0.028986 0.000000 0.000000 0.000000 0.000000 0.000000 0.014493 0.000000 0.000000 0.057971 0.000000 0.000000 0.057971 0.014493 0.014493 0.000000 0.014493 0.000000 0.000000 0.000000 0.000000 0.000000 0.000000 0.028986 0.000000 0.000000 0.000000 0.000000 0.000000 0.000000 0.014493 0.028986 0.043478 0.057971 0.000000 0.057971 0.014493 0.014493 0.014493 0.000000 0.028986 0.000000 0.000000 0.014493 0.000000
0.032609 0.000000 0.000000 0.000000 0.021739 0.021739 0.032609 0.065217 0.086957 0.076087 0.054348 0.021739 0.010870 0.032609 0.021739 0.000000 0.010870 0.010870 0.000000 0.000000 0.021739 0.000000 0.000000 0.000000 0.000000 0.000000 0.032609 0.043478 0.054348 0.021739 0.000000 0.000000 0.000000 0.000000 0.000000 0.000000 0.000000 0.010870 0.000000 0.021739 0.000000 0.010870 0.010870 0.000000 0.000000 0.000000 0.054348 0.043478 0.043478 0.010870 0.054348 0.032609 0.021739 0.010870 0.000000 0.000000 0.000000 0.000000 0.000000
0.052632 0.013158 0.026316 0.013158 0.000000 0.065789 0.013158 0.052632 0.052632 0.065789 0.039474 0.013158 0.026316 0.039474 0.013158 0.000000 0.000000 0.000000 0.000000 0.013158 0.013158 0.000000 0.039474 0.000000 0.013158 0.013158 0.000000 0.026316 0.026316 0.013158 0.013158 0.000000 0.000000 0.000000 0.000000 0.000000 0.013158 0.000000 0.000000 0.013158 0.000000 0.013158 0.000000 0.026316 0.013158 0.039474 0.052632 0.013158 0.065789 0.026316 0.039474 0.013158 0.000000 0.000000 0.000000 0.013158 0.000000 0.000000 2.000000
0.009434 0.037736 0.000000 0.037736 0.037736 0.037736 0.028302 0.056604 0.056604 0.094340 0.037736 0.037736 0.056604 0.018868 0.009434 0.000000 0.000000 0.000000 0.000000 0.009434 0.000000 0.000000 0.000000 0.000000 0.000000 0.000000 0.000000 0.000000 0.000000 0.009434 0.009434 0.000000 0.000000 0.000000 0.000000 0.000000 0.018868 0.018868 0.028302 0.009434 0.018868 0.009434 0.018868 0.037736 0.028302 0.028302 0.028302 0.009434 0.037736 0.047170 0.018868 0.009434 0.009434 0.018868 0.000000 0.018868 0.000000 0.000000 0.000000
0.000000 0.080000 0.066667 0.000000 0.040000 0.000000 0.053333 0.040000 0.040000 0.026667 0.080000 0.013333 0.026667 0.026667 0.013333 0.000000 0.000000 0.000000 0.013333 0.000000 0.040000 0.000000 0.013333 0.013333 0.000000 0.000000 0.013333 0.000000 0.000000 0.040000 0.000000 0.000000 0.013333 0.013333 0.013333 0.000000 0.013333 0.040000 0.013333 0.026667 0.026667 0.013333 0.013333 0.013333 0.000000 0.013333 0.013333 0.026667 0.013333 0.000000 0.026667 0.026667 0.026667 0.000000 0.013333 0.000000 0.000000 0.000000 2.000000
0.000000 0.014925 0.014925 0.029851 0.014925 0.104478 0.029851 0.014925 0.029851 0.059701 0.089552 0.014925 0.089552 0.014925 0.014925 0.000000 0.014925 0.000000 0.000000 0.014925 0.014925 0.000000 0.000000 0.000000 0.014925 0.014925 0.014925 0.029851 0.000000 0.014925 0.000000 0.014925 0.000000 0.000000 0.000000 0.000000 0.000000 0.014925 0.000000 0.000000 0.000000 0.014925 0.014925 0.044776 0.000000 0.029851 0.044776 0.029851 0.044776 0.014925 0.014925 0.014925 0.000000 0.000000 0.000000 0.000000 0.000000 0.029851 0.000000
0.074766 0.018692 0.028037 0.018692 0.000000 0.028037 0.046729 0.056075 0.056075 0.028037 0.037383 0.018692 0.018692 0.028037 0.018692 0.009346 0.000000 0.018692 0.009346 0.028037 0.000000 0.009346 0.009346 0.028037 0.018692 0.009346 0.018692 0.046729 0.028037 0.009346 0.000000 0.000000 0.000000 0.000000 0.018692 0.000000 0.009346 0.018692 0.046729 0.000000 0.000000 0.028037 0.000000 0.009346 0.000000 0.009346 0.000000 0.009346 0.028037 0.037383 0.028037 0.009346 0.000000 0.009346 0.000000 0.000000 0.009346 0.009346 1.000000
0.066667 0.000000 0.000000 0.009524 0.076190 0.009524 0.019048 0.038095 0.057143 0.047619 0.047619 0.038095 0.009524 0.019048 0.019048 0.009524 0.000000 0.000000 0.000000 0.000000 0.000000 0.019048 0.028571 0.009524 0.000000 0.019048 0.028571 0.028571 0.038095 0.028571 0.000000 0.019048 0.009524 0.000000 0.000000 0.009524 0.000000 0.000000 0.000000 0.009524 0.000000 0.009524 0.009524 0.019048 0.028571 0.019048 0.047619 0.028571 0.038095 0.028571 0.028571 0.019048 0.000000 0.000000 0.000000 0.000000 0.009524 0.000000 0.000000
0.023810 0.011905 0.011905 0.011905 0.000000 0.035714 0.011905 0.059524 0.023810 0.059524 0.047619 0.059524 0.059524 0.011905 0.011905 0.035714 0.011905 0.011905 0.023810 0.000000 0.000000 0.011905 0.023810 0.000000 0.011905 0.000000 0.023810 0.047619 0.000000 0.011905 0.011905 0.000000 0.000000 0.000000 0.011905 0.000000 0.000000 0.023810 0.011905 0.071429 0.023810 0.011905 0.011905 0.000000 0.011905 0.011905 0.011905 0.000000 0.011905 0.011905 0.023810 0.000000 0.035714 0.011905 0.023810 0.000000 0.011905 0.000000 1.000000
0.012500 0.025000 0.012500 0.025000 0.025000 0.037500 0.037500 0.012500 0.087500 0.037500 0.062500 0.037500 0.000000 0.025000 0.000000 0.012500 0.050000 0.025000 0.000000 0.000000 0.000000 0.000000 0.000000 0.000000 0.025000 0.000000 0.025000 0.012500 0.000000 0.000000 0.012500 0.025000 0.012500 0.000000 0.000000 0.000000 0.000000 0.025000 0.000000 0.000000 0.000000 0.025000 0.062500 0.000000 0.025000 0.025000 0.012500 0.025000 0.025000 0.037500 0.025000 0.025000 0.012500 0.000000 0.012500 0.000000 0.000000 0.025000 1.000000
0.042735 0.025641 0.025641 0.017094 0.008547 0.051282 0.042735 0.042735 0.034188 0.094017 0.034188 0.042735 0.025641 0.034188 0.008547 0.017094 0.000000 0.000000 0.000000 0.008547 0.000000 0.000000 0.000000 0.017094 0.008547 0.000000 0.017094 0.017094 0.034188 0.025641 0.000000 0.000000 0.000000 0.000000 0.008547 0.008547 0.000000 0.000000 0.008547 0.008547 0.000000 0.017094 0.034188 0.017094 0.008547 0.008547 0.017094 0.051282 0.017094 0.017094 0.042735 0.034188 0.008547 0.008547 0.000000 0.000000 0.008547 0.000000 0.000000
0.053333 0.026667 0.013333 0.013333 0.040000 0.026667 0.026667 0.040000 0.026667 0.026667 0.013333 0.066667 0.040000 0.013333 0.040000 0.000000 0.000000 0.040000 0.013333 0.013333 0.013333 0.026667 0.026667 0.013333 0.000000 0.000000 0.013333 0.040000 0.026667 0.013333 0.013333 0.000000 0.000000 0.000000 0.000000 0.013333 0.000000 0.040000 0.013333 0.040000 0.013333 0.026667 0.000000 0.013333 0.013333 0.013333 0.000000 0.000000 0.000000 0.053333 0.013333 0.013333 0.000000 0.013333 0.000000 0.000000 0.000000 0.000000 1.000000
0.030303 0.010101 0.010101 0.030303 0.040404 0.010101 0.040404 0.040404 0.060606 0.060606 0.070707 0.040404 0.010101 0.010101 0.020202 0.020202 0.000000 0.000000 0.000000 0.010101 0.000000 0.010101 0.010101 0.010101 0.020202 0.010101 0.040404 0.030303 0.040404 0.010101 0.000000 0.000000 0.000000 0.000000 0.000000 0.010101 0.000000 0.010101 0.020202 0.030303 0.020202 0.000000 0.030303 0.030303 0.010101 0.010101 0.010101 0.030303 0.010101 0.020202 0.010101 0.010101 0.020202 0.010101 0.010101 0.000000 0.000000 0.000000 2.000000
0.000000 0.000000 0.000000 0.015873 0.000000 0.031746 0.047619 0.015873 0.015873 0.079365 0.031746 0.015873 0.095238 0.047619 0.095238 0.015873 0.000000 0.000000 0.000000 0.000000 0.000000 0.031746 0.000000 0.000000 0.000000 0.000000 0.031746 0.015873 0.015873 0.000000 0.047619 0.031746 0.000000 0.000000 0.031746 0.000000 0.015873 0.000000 0.000000 0.000000 0.000000 0.000000 0.000000 0.000000 0.000000 0.000000 0.047619 0.047619 0.063492 0.000000 0.031746 0.000000 0.031746 0.000000 0.000000 0.031746 0.015873 0.000000 0.000000
0.013158 0.039474 0.026316 0.052632 0.013158 0.039474 0.026316 0.065789 0.026316 0.039474 0.026316 0.052632 0.052632 0.026316 0.026316 0.026316 0.013158 0.000000 0.000000 0.000000 0.000000 0.013158 0.013158 0.000000 0.000000 0.000000 0.000000 0.000000 0.000000 0.000000 0.013158 0.000000 0.013158 0.013158 0.000000 0.000000 0.013158 0.013158 0.013158 0.013158 0.000000 0.026316 0.013158 0.013158 0.013158 0.000000 0.026316 0.039474 0.013158 0.039474 0.039474 0.026316 0.039474 0.000000 0.013158 0.013158 0.000000 0.000000 1.000000
0.092308 0.015385 0.000000 0.000000 0.015385 0.015385 0.030769 0.061538 0.046154 0.030769 0.138462 0.015385 0.046154 0.030769 0.046154 0.015385 0.000000 0.000000 0.000000 0.000000 0.015385 0.000000 0.015385 0.000000 0.015385 0.000000 0.000000 0.015385 0.015385 0.046154 0.000000 0.000000 0.000000 0.000000 0.000000 0.000000 0.000000 0.000000 0.015385 0.000000 0.015385 0.015385 0.000000 0.000000 0.000000 0.000000 0.015385 0.015385 0.046154 0.046154 0.046154 0.046154 0.015385 0.000000 0.000000 0.000000 0.000000 0.000000 0.000000
0.000000 0.000000 0.000000 0.047619 0.000000 0.000000 0.000000 0.000000 0.047619 0.047619 0.047619 0.095238 0.000000 0.000000 0.000000 0.000000 0.047619 0.047619 0.000000 0.000000 0.000000 0.000000 0.000000 0.000000 0.000000 0.000000 0.000000 0.000000 0.047619 0.000000 0.000000 0.000000 0.000000 0.000000 0.047619 0.000000 0.000000 0.095238 0.000000 0.142857 0.000000 0.000000 0.142857 0.000000 0.095238 0.000000 0.000000 0.000000 0.000000 0.000000 0.000000 0.000000 0.000000 0.000000 0.047619 0.000000 0.000000 0.000000 1.000000
0.042017 0.008403 0.016807 0.016807 0.042017 0.058824 0.033613 0.084034 0.033613 0.008403 0.033613 0.008403 0.008403 0.000000 0.008403 0.008403 0.008403 0.000000 0.016807 0.008403 0.000000 0.008403 0.000000 0.000000 0.025210 0.016807 0.025210 0.000000 0.042017 0.008403 0.000000 0.016807 0.000000 0.000000 0.008403 0.033613 0.008403 0.000000 0.016807 0.016807 0.008403 0.033613 0.016807 0.033613 0.008403 0.042017 0.025210 0.050420 0.033613 0.008403 0.008403 0.025210 0.016807 0.008403 0.000000 0.008403 0.000000 0.000000 2.000000
0.087912 0.000000 0.010989 0.021978 0.021978 0.021978 0.032967 0.054945 0.054945 0.087912 0.021978 0.021978 0.021978 0.021978 0.032967 0.000000 0.000000 0.000000 0.000000 0.000000 0.010989 0.054945 0.010989 0.010989 0.021978 0.000000 0.010989 0.010989 0.043956 0.010989 0.000000 0.010989 0.000000 0.000000 0.000000 0.000000 0.000000 0.000000 0.000000 0.010989 0.021978 0.065934 0.000000 0.000000 0.043956 0.000000 0.010989 0.010989 0.021978 0.010989 0.021978 0.021978 0.021978 0.000000 0.010989 0.000000 0.000000 0.010989 2.000000
0.016667 0.033333 0.000000 0.033333 0.033333 0.016667 0.033333 0.016667 0.050000 0.016667 0.066667 0.000000 0.000000 0.033333 0.066667 0.016667 0.000000 0.000000 0.000000 0.016667 0.016667 0.016667 0.050000 0.016667 0.033333 0.033333 0.000000 0.083333 0.016667 0.016667 0.000000 0.000000 0.000000 0.000000 0.000000 0.000000 0.000000 0.000000 0.016667 0.016667 0.016667 0.016667 0.033333 0.016667 0.000000 0.033333 0.000000 0.000000 0.000000 0.033333 0.033333 0.016667 0.000000 0.016667 0.016667 0.000000 0.000000 0.000000 1.000000
0.000000 0.000000 0.054795 0.000000 0.000000 0.000000 0.041096 0.054795 0.068493 0.027397 0.082192 0.068493 0.027397 0.013699 0.041096 0.041096 0.013699 0.000000 0.000000 0.000000 0.000000 0.027397 0.000000 0.013699 0.013699 0.041096 0.000000 0.013699 0.027397 0.013699 0.013699 0.013699 0.000000 0.000000 0.000000 0.000000 0.000000 0.000000 0.000000 0.013699 0.013699 0.000000 0.000000 0.000000 0.000000 0.000000 0.013699 0.027397 0.041096 0.027397 0.054795 0.027397 0.041096 0.000000 0.000000 0.000000 0.027397 0.000000 0.000000
0.000000 0.015873 0.000000 0.031746 0.015873 0.079365 0.015873 0.031746 0.063492 0.079365 0.079365 0.015873 0.079365 0.063492 0.015873 0.000000 0.000000 0.000000 0.000000 0.000000 0.015873 0.000000 0.000000 0.000000 0.000000 0.000000 0.015873 0.000000 0.015873 0.000000 0.031746 0.000000 0.000000 0.000000 0.000000 0.000000 0.000000 0.000000 0.015873 0.000000 0.000000 0.015873 0.015873 0.000000 0.015873 0.000000 0.015873 0.015873 0.031746 0.063492 0.095238 0.015873 0.000000 0.000000 0.000000 0.000000 0.000000 0.031746 0.000000
0.013699 0.041096 0.054795 0.041096 0.013699 0.027397 0.027397 0.041096 0.027397 0.123288 0.054795 0.054795 0.054795 0.027397 0.013699 0.000000 0.000000 0.000000 0.000000 0.000000 0.013699 0.000000 0.000000 0.000000 0.000000 0.000000 0.000000 0.000000 0.000000 0.000000 0.027397 0.000000 0.013699 0.000000 0.013699 0.000000 0.000000 0.000000 0.013699 0.027397 0.000000 0.041096 0.000000 0.027397 0.000000 0.027397 0.027397 0.027397 0.027397 0.027397 0.054795 0.000000 0.000000 0.000000 0.013699 0.000000 0.000000 0.000000 2.000000
0.000000 0.020408 0.000000 0.020408 0.040816 0.040816 0.061224 0.000000 0.081633 0.040816 0.061224 0.020408 0.020408 0.040816 0.061224 0.000000 0.040816 0.000000 0.000000 0.000000 0.020408 0.020408 0.020408 0.020408 0.020408 0.000000 0.020408 0.000000 0.020408 0.000000 0.000000 0.000000 0.000000 0.000000 0.000000 0.000000 0.000000 0.000000 0.000000 0.040816 0.020408 0.000000 0.000000 0.000000 0.020408 0.000000 0.020408 0.020408 0.040816 0.040816 0.000000 0.061224 0.040816 0.000000 0.000000 0.000000 0.000000 0.000000 0.000000
0.034783 0.130435 0.000000 0.017391 0.008696 0.026087 0.095652 0.026087 0.130435 0.069565 0.034783 0.017391 0.026087 0.008696 0.000000 0.000000 0.000000 0.000000 0.000000 0.000000 0.000000 0.000000 0.000000 0.000000 0.000000 0.000000 0.008696 0.000000 0.017391 0.086957 0.008696 0.000000 0.000000 0.000000 0.000000 0.000000 0.000000 0.000000 0.000000 0.000000 0.000000 0.008696 0.000000 0.017391 0.008696 0.026087 0.008696 0.043478 0.069565 0.008696 0.043478 0.017391 0.000000 0.000000 0.000000 0.000000 0.000000 0.000000 0.000000
0.061224 0.030612 0.030612 0.020408 0.030612 0.030612 0.040816 0.051020 0.020408 0.071429 0.040816 0.000000 0.000000 0.020408 0.040816 0.040816 0.010204 0.000000 0.000000 0.000000 0.010204 0.010204 0.010204 0.000000 0.000000 0.000000 0.000000 0.030612 0.051020 0.000000 0.000000 0.000000 0.000000 0.000000 0.010204 0.000000 0.000000 0.020408 0.010204 0.020408 0.010204 0.000000 0.030612 0.030612 0.030612 0.010204 0.010204 0.010204 0.020408 0.030612 0.000000 0.030612 0.040816 0.010204 0.020408 0.000000 0.000000 0.000000 1.000000
0.029851 0.022388 0.037313 0.014925 0.014925 0.082090 0.022388 0.074627 0.022388 0.037313 0.029851 0.000000 0.022388 0.007463 0.007463 0.007463 0.014925 0.007463 0.007463 0.022388 0.000000 0.000000 0.000000 0.014925 0.022388 0.014925 0.037313 0.052239 0.044776 0.000000 0.000000 0.007463 0.014925 0.000000 0.007463 0.007463 0.007463 0.000000 0.014925 0.014925 0.037313 0.014925 0.022388 0.000000 0.007463 0.022388 0.022388 0.037313 0.014925 0.007463 0.007463 0.014925 0.014925 0.014925 0.007463 0.000000 0.007463 0.000000 2.000000
0.046512 0.034884 0.046512 0.034884 0.034884 0.034884 0.023256 0.000000 0.000000 0.000000 0.011628 0.011628 0.034884 0.000000 0.023256 0.000000 0.023256 0.011628 0.000000 0.011628 0.023256 0.034884 0.011628 0.034884 0.034884 0.058140 0.034884 0.069767 0.023256 0.011628 0.011628 0.000000 0.023256 0.000000 0.011628 0.000000 0.058140 0.011628 0.023256 0.000000 0.000000 0.011628 0.011628 0.034884 0.023256 0.011628 0.023256 0.023256 0.000000 0.000000 0.000000 0.000000 0.000000 0.000000 0.000000 0.000000 0.000000 0.000000 1.000000
0.028846 0.048077 0.028846 0.000000 0.048077 0.067308 0.028846 0.028846 0.048077 0.086538 0.028846 0.000000 0.067308 0.009615 0.028846 0.009615 0.000000 0.000000 0.000000 0.009615 0.009615 0.019231 0.028846 0.009615 0.000000 0.000000 0.019231 0.009615 0.000000 0.019231 0.000000 0.000000 0.000000 0.000000 0.000000 0.000000 0.000000 0.000000 0.009615 0.000000 0.009615 0.038462 0.028846 0.009615 0.019231 0.019231 0.019231 0.019231 0.028846 0.028846 0.019231 0.038462 0.009615 0.009615 0.000000 0.000000 0.000000 0.009615 2.000000
0.018868 0.028302 0.028302 0.018868 0.047170 0.037736 0.047170 0.018868 0.075472 0.094340 0.037736 0.028302 0.047170 0.028302 0.009434 0.009434 0.000000 0.000000 0.000000 0.000000 0.000000 0.000000 0.000000 0.000000 0.000000 0.000000 0.000000 0.000000 0.000000 0.009434 0.009434 0.018868 0.000000 0.000000 0.000000 0.000000 0.009434 0.009434 0.018868 0.009434 0.009434 0.018868 0.018868 0.028302 0.028302 0.037736 0.018868 0.037736 0.028302 0.028302 0.018868 0.018868 0.000000 0.018868 0.000000 0.028302 0.000000 0.000000 0.000000
0.014286 0.028571 0.071429 0.000000 0.014286 0.057143 0.028571 0.057143 0.057143 0.042857 0.085714 0.000000 0.014286 0.028571 0.014286 0.028571 0.000000 0.000000 0.014286 0.000000 0.000000 0.014286 0.014286 0.014286 0.014286 0.014286 0.000000 0.014286 0.028571 0.000000 0.028571 0.000000 0.000000 0.000000 0.000000 0.000000 0.000000 0.000000 0.014286 0.028571 0.000000 0.014286 0.014286 0.014286 0.042857 0.028571 0.014286 0.014286 0.042857 0.042857 0.000000 0.028571 0.000000 0.000000 0.000000 0.000000 0.000000 0.000000 2.000000
0.000000 0.000000 0.000000 0.080000 0.040000 0.000000 0.040000 0.000000 0.120000 0.200000 0.040000 0.000000 0.000000 0.040000 0.000000 0.000000 0.000000 0.000000 0.000000 0.000000 0.000000 0.000000 0.000000 0.000000 0.040000 0.040000 0.000000 0.000000 0.000000 0.000000 0.000000 0.000000 0.040000 0.000000 0.000000 0.000000 0.000000 0.000000 0.000000 0.000000 0.000000 0.000000 0.040000 0.000000 0.080000 0.040000 0.000000 0.120000 0.000000 0.000000 0.000000 0.000000 0.040000 0.000000 0.000000 0.000000 0.000000 0.000000 0.000000
0.038961 0.025974 0.025974 0.000000 0.064935 0.051948 0.012987 0.012987 0.090909 0.064935 0.025974 0.012987 0.012987 0.025974 0.000000 0.012987 0.000000 0.000000 0.012987 0.000000 0.012987 0.000000 0.038961 0.012987 0.025974 0.025974 0.000000 0.025974 0.000000 0.012987 0.012987 0.000000 0.000000 0.000000 0.000000 0.000000 0.012987 0.000000 0.000000 0.012987 0.012987 0.012987 0.000000 0.025974 0.025974 0.025974 0.025974 0.051948 0.051948 0.012987 0.025974 0.012987 0.000000 0.000000 0.012987 0.012987 0.000000 0.000000 2.000000
0.045872 0.036697 0.000000 0.000000 0.009174 0.045872 0.064220 0.064220 0.036697 0.045872 0.000000 0.000000 0.000000 0.027523 0.027523 0.018349 0.000000 0.000000 0.000000 0.009174 0.000000 0.027523 0.027523 0.027523 0.000000 0.009174 0.027523 0.018349 0.110092 0.000000 0.000000 0.000000 0.009174 0.018349 0.000000 0.000000 0.000000 0.000000 0.027523 0.009174 0.027523 0.027523 0.009174 0.009174 0.027523 0.018349 0.018349 0.036697 0.000000 0.009174 0.055046 0.000000 0.000000 0.000000 0.000000 0.000000 0.000000 0.018349 2.000000
0.024390 0.024390 0.000000 0.012195 0.036585 0.000000 0.024390 0.024390 0.060976 0.024390 0.036585 0.097561 0.012195 0.012195 0.000000 0.024390 0.000000 0.000000 0.012195 0.024390 0.024390 0.024390 0.012195 0.036585 0.024390 0.024390 0.012195 0.024390 0.012195 0.000000 0.024390 0.036585 0.000000 0.000000 0.012195 0.012195 0.024390 0.012195 0.024390 0.000000 0.012195 0.012195 0.024390 0.036585 0.024390 0.012195 0.000000 0.000000 0.024390 0.012195 0.012195 0.000000 0.024390 0.000000 0.012195 0.000000 0.000000 0.000000 1.000000
0.000000 0.025974 0.012987 0.038961 0.025974 0.012987 0.064935 0.077922 0.038961 0.038961 0.038961 0.038961 0.025974 0.012987 0.000000 0.025974 0.012987 0.000000 0.000000 0.012987 0.025974 0.000000 0.012987 0.012987 0.000000 0.012987 0.012987 0.012987 0.038961 0.012987 0.000000 0.012987 0.000000 0.000000 0.000000 0.000000 0.000000 0.012987 0.012987 0.012987 0.000000 0.038961 0.012987 0.000000 0.064935 0.025974 0.025974 0.038961 0.000000 0.025974 0.012987 0.000000 0.025974 0.000000 0.025974 0.000000 0.000000 0.000000 2.000000
0.041096 0.013699 0.013699 0.027397 0.000000 0.013699 0.013699 0.082192 0.041096 0.109589 0.041096 0.013699 0.027397 0.054795 0.013699 0.013699 0.000000 0.000000 0.013699 0.013699 0.013699 0.041096 0.027397 0.027397 0.000000 0.027397 0.013699 0.000000 0.000000 0.000000 0.000000 0.000000 0.000000 0.000000 0.000000 0.000000 0.013699 0.000000 0.013699 0.013699 0.013699 0.013699 0.000000 0.041096 0.013699 0.013699 0.013699 0.013699 0.000000 0.041096 0.041096 0.013699 0.013699 0.000000 0.000000 0.000000 0.013699 0.013699 1.000000
0.011494 0.011494 0.022989 0.011494 0.000000 0.045977 0.045977 0.045977 0.057471 0.080460 0.045977 0.022989 0.034483 0.011494 0.034483 0.022989 0.000000 0.000000 0.000000 0.000000 0.000000 0.022989 0.011494 0.022989 0.022989 0.022989 0.034483 0.022989 0.000000 0.022989 0.000000 0.022989 0.000000 0.000000 0.000000 0.000000 0.000000 0.000000 0.000000 0.011494 0.011494 0.000000 0.011494 0.000000 0.000000 0.057471 0.000000 0.022989 0.045977 0.068966 0.022989 0.011494 0.011494 0.000000 0.000000 0.000000 0.011494 0.000000 0.000000
0.029412 0.014706 0.000000 0.000000 0.029412 0.014706 0.073529 0.058824 0.088235 0.044118 0.088235 0.044118 0.044118 0.044118 0.000000 0.014706 0.000000 0.000000 0.000000 0.000000 0.000000 0.000000 0.000000 0.014706 0.000000 0.014706 0.014706 0.014706 0.000000 0.029412 0.000000 0.000000 0.000000 0.000000 0.000000 0.000000 0.000000 0.000000 0.000000 0.000000 0.000000 0.014706 0.029412 0.058824 0.000000 0.014706 0.000000 0.014706 0.014706 0.044118 0.058824 0.058824 0.000000 0.000000 0.000000 0.014706 0.000000 0.000000 2.000000
0.000000 0.017241 0.000000 0.000000 0.017241 0.017241 0.017241 0.017241 0.068966 0.017241 0.137931 0.068966 0.034483 0.086207 0.051724 0.017241 0.000000 0.000000 0.000000 0.000000 0.017241 0.000000 0.034483 0.000000 0.017241 0.000000 0.017241 0.000000 0.034483 0.000000 0.000000 0.000000 0.000000 0.000000 0.000000 0.000000 0.000000 0.000000 0.017241 0.000000 0.017241 0.017241 0.000000 0.000000 0.000000 0.000000 0.017241 0.017241 0.051724 0.000000 0.051724 0.051724 0.068966 0.000000 0.000000 0.000000 0.000000 0.000000 0.000000
0.041237 0.000000 0.020619 0.020619 0.041237 0.000000 0.061856 0.020619 0.061856 0.051546 0.061856 0.010309 0.041237 0.010309 0.010309 0.010309 0.000000 0.000000 0.000000 0.000000 0.000000 0.010309 0.030928 0.000000 0.010309 0.010309 0.041237 0.030928 0.020619 0.020619 0.000000 0.041237 0.000000 0.000000 0.010309 0.000000 0.000000 0.000000 0.010309 0.000000 0.000000 0.020619 0.000000 0.010309 0.030928 0.041237 0.041237 0.030928 0.051546 0.020619 0.010309 0.030928 0.000000 0.000000 0.000000 0.010309 0.000000 0.000000 0.000000
0.000000 0.000000 0.034091 0.045455 0.022727 0.011364 0.056818 0.056818 0.079545 0.034091 0.045455 0.011364 0.045455 0.011364 0.022727 0.045455 0.011364 0.000000 0.000000 0.000000 0.011364 0.011364 0.011364 0.011364 0.011364 0.022727 0.000000 0.011364 0.011364 0.011364 0.000000 0.011364 0.011364 0.000000 0.000000 0.000000 0.011364 0.011364 0.000000 0.000000 0.045455 0.022727 0.011364 0.045455 0.011364 0.011364 0.022727 0.011364 0.034091 0.034091 0.011364 0.022727 0.011364 0.000000 0.000000 0.011364 0.000000 0.000000 2.000000
0.036585 0.000000 0.012195 0.012195 0.012195 0.024390 0.036585 0.073171 0.012195 0.048780 0.048780 0.097561 0.024390 0.024390 0.060976 0.036585 0.012195 0.000000 0.000000 0.012195 0.000000 0.000000 0.000000 0.000000 0.024390 0.000000 0.000000 0.012195 0.012195 0.024390 0.012195 0.000000 0.000000 0.000000 0.000000 0.000000 0.000000 0.000000 0.000000 0.000000 0.000000 0.000000 0.000000 0.012195 0.012195 0.024390 0.024390 0.024390 0.012195 0.036585 0.048780 0.036585 0.060976 0.024390 0.012195 0.000000 0.000000 0.000000 0.000000
0.000000 0.014286 0.014286 0.014286 0.028571 0.042857 0.057143 0.042857 0.042857 0.114286 0.028571 0.000000 0.014286 0.000000 0.014286 0.000000 0.014286 0.042857 0.000000 0.000000 0.014286 0.000000 0.028571 0.014286 0.014286 0.028571 0.014286 0.014286 0.000000 0.000000 0.000000 0.000000 0.000000 0.000000 0.000000 0.000000 0.014286 0.000000 0.014286 0.000000 0.071429 0.028571 0.028571 0.000000 0.000000 0.057143 0.028571 0.000000 0.014286 0.028571 0.071429 0.014286 0.000000 0.000000 0.000000 0.014286 0.000000 0.000000 1.000000
0.016807 0.042017 0.016807 0.050420 0.025210 0.042017 0.067227 0.016807 0.042017 0.058824 0.033613 0.025210 0.016807 0.033613 0.025210 0.008403 0.000000 0.000000 0.000000 0.025210 0.000000 0.016807 0.000000 0.008403 0.000000 0.008403 0.016807 0.033613 0.016807 0.016807 0.000000 0.000000 0.000000 0.025210 0.008403 0.000000 0.000000 0.000000 0.000000 0.000000 0.033613 0.016807 0.016807 0.016807 0.008403 0.016807 0.016807 0.042017 0.016807 0.016807 0.033613 0.042017 0.016807 0.000000 0.008403 0.000000 0.000000 0.000000 0.000000
0.024390 0.000000 0.024390 0.039024 0.029268 0.014634 0.019512 0.019512 0.004878 0.019512 0.000000 0.068293 0.004878 0.029268 0.092683 0.009756 0.009756 0.034146 0.029268 0.004878 0.004878 0.009756 0.000000 0.004878 0.004878 0.029268 0.009756 0.019512 0.039024 0.004878 0.024390 0.009756 0.029268 0.039024 0.009756 0.009756 0.000000 0.019512 0.000000 0.014634 0.034146 0.004878 0.024390 0.009756 0.024390 0.048780 0.004878 0.014634 0.009756 0.019512 0.019512 0.000000 0.014634 0.000000 0.000000 0.009756 0.000000 0.000000 2.000000
0.000000 0.000000 0.027778 0.000000 0.027778 0.000000 0.069444 0.027778 0.083333 0.013889 0.069444 0.069444 0.041667 0.013889 0.041667 0.041667 0.013889 0.000000 0.000000 0.000000 0.000000 0.000000 0.027778 0.027778 0.000000 0.027778 0.013889 0.000000 0.041667 0.000000 0.013889 0.013889 0.000000 0.000000 0.000000 0.000000 0.000000 0.000000 0.000000 0.013889 0.000000 0.000000 0.000000 0.000000 0.013889 0.000000 0.000000 0.027778 0.027778 0.055556 0.041667 0.027778 0.055556 0.000000 0.000000 0.000000 0.027778 0.000000 0.000000
0.000000 0.015152 0.015152 0.030303 0.000000 0.015152 0.090909 0.015152 0.015152 0.045455 0.000000 0.075758 0.090909 0.030303 0.015152 0.000000 0.030303 0.015152 0.000000 0.015152 0.000000 0.000000 0.015152 0.015152 0.015152 0.030303 0.015152 0.030303 0.000000 0.000000 0.000000 0.000000 0.000000 0.015152 0.000000 0.000000 0.000000 0.000000 0.045455 0.000000 0.000000 0.015152 0.030303 0.000000 0.015152 0.000000 0.060606 0.015152 0.015152 0.000000 0.000000 0.015152 0.045455 0.030303 0.015152 0.045455 0.000000 0.000000 1.000000
0.050000 0.000000 0.000000 0.016667 0.033333 0.016667 0.033333 0.050000 0.033333 0.050000 0.116667 0.050000 0.016667 0.016667 0.050000 0.016667 0.000000 0.000000 0.000000 0.016667 0.000000 0.000000 0.033333 0.000000 0.016667 0.000000 0.016667 0.000000 0.033333 0.050000 0.000000 0.000000 0.000000 0.000000 0.000000 0.000000 0.000000 0.000000 0.000000 0.000000 0.016667 0.016667 0.000000 0.016667 0.000000 0.000000 0.000000 0.000000 0.083333 0.016667 0.083333 0.016667 0.016667 0.000000 0.016667 0.000000 0.000000 0.000000 0.000000
0.072000 0.032000 0.024000 0.024000 0.032000 0.024000 0.048000 0.056000 0.056000 0.072000 0.040000 0.016000 0.016000 0.016000 0.032000 0.016000 0.000000 0.000000 0.000000 0.000000 0.000000 0.000000 0.000000 0.024000 0.008000 0.000000 0.008000 0.000000 0.008000 0.024000 0.008000 0.000000 0.000000 0.000000 0.008000 0.008000 0.000000 0.008000 0.000000 0.016000 0.000000 0.016000 0.016000 0.016000 0.024000 0.016000 0.040000 0.016000 0.024000 0.032000 0.016000 0.032000 0.016000 0.024000 0.008000 0.000000 0.000000 0.008000 0.000000
0.041096 0.013699 0.013699 0.027397 0.000000 0.013699 0.013699 0.082192 0.041096 0.109589 0.041096 0.013699 0.027397 0.054795 0.013699 0.013699 0.000000 0.000000 0.013699 0.013699 0.013699 0.041096 0.027397 0.027397 0.000000 0.027397 0.013699 0.000000 0.000000 0.000000 0.000000 0.000000 0.000000 0.000000 0.000000 0.000000 0.013699 0.000000 0.013699 0.013699 0.013699 0.013699 0.000000 0.041096 0.013699 0.013699 0.013699 0.013699 0.000000 0.041096 0.041096 0.013699 0.013699 0.000000 0.000000 0.000000 0.013699 0.013699 1.000000
0.000000 0.000000 0.018868 0.037736 0.018868 0.037736 0.056604 0.037736 0.037736 0.132075 0.056604 0.075472 0.018868 0.056604 0.000000 0.000000 0.000000 0.000000 0.000000 0.000000 0.000000 0.000000 0.000000 0.000000 0.000000 0.000000 0.000000 0.000000 0.037736 0.037736 0.018868 0.037736 0.000000 0.000000 0.000000 0.000000 0.000000 0.000000 0.000000 0.000000 0.000000 0.000000 0.000000 0.000000 0.000000 0.018868 0.018868 0.094340 0.113208 0.037736 0.000000 0.000000 0.000000 0.000000 0.000000 0.000000 0.000000 0.000000 0.000000
0.000000 0.040000 0.060000 0.020000 0.040000 0.040000 0.020000 0.060000 0.000000 0.020000 0.060000 0.040000 0.020000 0.040000 0.000000 0.000000 0.000000 0.020000 0.000000 0.000000 0.000000 0.000000 0.000000 0.000000 0.000000 0.000000 0.000000 0.000000 0.000000 0.000000 0.000000 0.000000 0.000000 0.000000 0.020000 0.080000 0.020000 0.000000 0.020000 0.000000 0.020000 0.040000 0.020000 0.000000 0.000000 0.000000 0.020000 0.060000 0.060000 0.020000 0.000000 0.000000 0.020000 0.060000 0.020000 0.020000 0.000000 0.020000 1.000000
0.025000 0.025000 0.008333 0.025000 0.033333 0.008333 0.058333 0.041667 0.041667 0.058333 0.075000 0.016667 0.033333 0.033333 0.016667 0.008333 0.000000 0.016667 0.008333 0.008333 0.000000 0.016667 0.008333 0.000000 0.000000 0.008333 0.025000 0.008333 0.016667 0.016667 0.000000 0.008333 0.000000 0.008333 0.008333 0.008333 0.008333 0.000000 0.000000 0.016667 0.000000 0.008333 0.025000 0.008333 0.016667 0.000000 0.016667 0.016667 0.016667 0.050000 0.025000 0.033333 0.016667 0.016667 0.016667 0.008333 0.000000 0.025000 2.000000
0.050847 0.033898 0.025424 0.016949 0.008475 0.067797 0.025424 0.025424 0.050847 0.059322 0.042373 0.008475 0.033898 0.033898 0.016949 0.008475 0.000000 0.000000 0.008475 0.016949 0.016949 0.000000 0.008475 0.008475 0.000000 0.016949 0.016949 0.025424 0.016949 0.000000 0.000000 0.000000 0.008475 0.000000 0.008475 0.008475 0.008475 0.016949 0.008475 0.008475 0.008475 0.008475 0.033898 0.016949 0.008475 0.016949 0.008475 0.042373 0.000000 0.033898 0.000000 0.059322 0.008475 0.016949 0.016949 0.000000 0.000000 0.008475 1.000000
0.103896 0.000000 0.012987 0.000000 0.025974 0.012987 0.077922 0.038961 0.090909 0.051948 0.038961 0.025974 0.038961 0.038961 0.000000 0.012987 0.012987 0.000000 0.025974 0.000000 0.000000 0.000000 0.000000 0.012987 0.012987 0.025974 0.025974 0.000000 0.012987 0.000000 0.000000 0.012987 0.000000 0.000000 0.000000 0.012987 0.000000 0.000000 0.025974 0.000000 0.025974 0.025974 0.012987 0.012987 0.000000 0.025974 0.012987 0.038961 0.025974 0.000000 0.025974 0.012987 0.025974 0.000000 0.000000 0.000000 0.000000 0.000000 2.000000
0.000000 0.000000 0.000000 0.000000 0.000000 0.000000 0.000000 0.000000 0.000000 0.000000 0.000000 0.000000 0.000000 0.000000 0.000000 0.000000 0.000000 0.000000 0.000000 0.000000 0.000000 0.000000 0.000000 0.000000 0.000000 0.000000 0.000000 0.000000 0.000000 0.043478 0.000000 0.000000 0.000000 0.000000 0.000000 0.000000 0.000000 0.000000 0.043478 0.086957 0.000000 0.043478 0.043478 0.043478 0.130435 0.043478 0.086957 0.043478 0.043478 0.130435 0.086957 0.043478 0.086957 0.000000 0.000000 0.000000 0.000000 0.000000 0.000000
0.000000 0.000000 0.000000 0.053333 0.013333 0.000000 0.133333 0.000000 0.066667 0.066667 0.053333 0.106667 0.026667 0.080000 0.000000 0.000000 0.000000 0.000000 0.000000 0.000000 0.000000 0.000000 0.000000 0.000000 0.000000 0.000000 0.000000 0.013333 0.026667 0.026667 0.000000 0.000000 0.000000 0.000000 0.000000 0.000000 0.000000 0.000000 0.000000 0.000000 0.000000 0.000000 0.013333 0.000000 0.000000 0.000000 0.040000 0.066667 0.080000 0.000000 0.013333 0.026667 0.026667 0.013333 0.040000 0.000000 0.000000 0.013333 0.000000
0.000000 0.015625 0.015625 0.015625 0.015625 0.015625 0.015625 0.062500 0.078125 0.093750 0.062500 0.031250 0.031250 0.046875 0.031250 0.000000 0.015625 0.015625 0.000000 0.000000 0.015625 0.031250 0.000000 0.015625 0.015625 0.000000 0.000000 0.015625 0.000000 0.046875 0.000000 0.000000 0.000000 0.000000 0.000000 0.000000 0.000000 0.000000 0.000000 0.031250 0.015625 0.000000 0.000000 0.000000 0.015625 0.000000 0.031250 0.000000 0.078125 0.015625 0.062500 0.031250 0.015625 0.000000 0.000000 0.000000 0.000000 0.000000 0.000000
0.000000 0.000000 0.042553 0.021277 0.042553 0.042553 0.021277 0.063830 0.063830 0.021277 0.148936 0.042553 0.000000 0.042553 0.000000 0.000000 0.000000 0.000000 0.000000 0.000000 0.000000 0.000000 0.000000 0.000000 0.000000 0.000000 0.000000 0.021277 0.021277 0.042553 0.021277 0.000000 0.021277 0.000000 0.000000 0.000000 0.000000 0.000000 0.000000 0.000000 0.000000 0.000000 0.021277 0.021277 0.021277 0.000000 0.021277 0.085106 0.085106 0.042553 0.000000 0.021277 0.000000 0.000000 0.000000 0.000000 0.000000 0.000000 0.000000
0.090909 0.000000 0.020202 0.020202 0.020202 0.010101 0.020202 0.010101 0.040404 0.070707 0.050505 0.050505 0.010101 0.040404 0.010101 0.010101 0.000000 0.000000 0.010101 0.010101 0.000000 0.010101 0.010101 0.010101 0.020202 0.010101 0.040404 0.020202 0.020202 0.020202 0.000000 0.020202 0.000000 0.000000 0.000000 0.010101 0.010101 0.030303 0.000000 0.010101 0.010101 0.000000 0.010101 0.010101 0.040404 0.030303 0.040404 0.030303 0.030303 0.010101 0.010101 0.020202 0.010101 0.000000 0.000000 0.010101 0.000000 0.000000 0.000000
0.082474 0.020619 0.000000 0.010309 0.010309 0.010309 0.000000 0.092784 0.030928 0.030928 0.041237 0.051546 0.030928 0.010309 0.030928 0.000000 0.000000 0.000000 0.010309 0.020619 0.000000 0.010309 0.000000 0.010309 0.030928 0.000000 0.041237 0.000000 0.000000 0.030928 0.000000 0.000000 0.000000 0.000000 0.000000 0.000000 0.000000 0.030928 0.000000 0.000000 0.010309 0.000000 0.030928 0.010309 0.020619 0.000000 0.010309 0.092784 0.030928 0.041237 0.041237 0.020619 0.010309 0.010309 0.000000 0.020619 0.010309 0.000000 0.000000
0.026316 0.013158 0.039474 0.013158 0.026316 0.039474 0.013158 0.052632 0.013158 0.052632 0.026316 0.039474 0.039474 0.013158 0.013158 0.000000 0.000000 0.013158 0.013158 0.000000 0.000000 0.013158 0.000000 0.039474 0.026316 0.000000 0.026316 0.000000 0.052632 0.000000 0.000000 0.000000 0.013158 0.013158 0.013158 0.000000 0.000000 0.039474 0.000000 0.013158 0.013158 0.000000 0.026316 0.026316 0.013158 0.013158 0.013158 0.000000 0.092105 0.026316 0.013158 0.013158 0.026316 0.013158 0.000000 0.000000 0.000000 0.013158 1.000000
0.052632 0.000000 0.017544 0.035088 0.052632 0.035088 0.017544 0.035088 0.035088 0.017544 0.052632 0.017544 0.017544 0.035088 0.017544 0.035088 0.017544 0.000000 0.017544 0.000000 0.000000 0.035088 0.017544 0.000000 0.000000 0.000000 0.052632 0.052632 0.035088 0.000000 0.017544 0.000000 0.035088 0.000000 0.000000 0.000000 0.000000 0.000000 0.000000 0.000000 0.000000 0.017544 0.017544 0.000000 0.035088 0.000000 0.035088 0.017544 0.000000 0.035088 0.035088 0.000000 0.000000 0.000000 0.000000 0.017544 0.017544 0.017544 0.000000
0.012500 0.025000 0.025000 0.025000 0.050000 0.000000 0.012500 0.050000 0.037500 0.037500 0.050000 0.025000 0.025000 0.037500 0.025000 0.025000 0.025000 0.000000 0.000000 0.000000 0.000000 0.012500 0.000000 0.000000 0.037500 0.012500 0.000000 0.012500 0.075000 0.000000 0.000000 0.012500 0.000000 0.000000 0.000000 0.012500 0.000000 0.000000 0.012500 0.025000 0.050000 0.025000 0.050000 0.000000 0.000000 0.025000 0.050000 0.025000 0.000000 0.037500 0.000000 0.000000 0.012500 0.012500 0.000000 0.000000 0.000000 0.012500 0.000000
0.007299 0.014599 0.036496 0.007299 0.029197 0.036496 0.029197 0.021898 0.021898 0.000000 0.014599 0.007299 0.000000 0.000000 0.007299 0.007299 0.014599 0.021898 0.000000 0.007299 0.000000 0.014599 0.000000 0.007299 0.021898 0.007299 0.051095 0.043796 0.160584 0.000000 0.000000 0.007299 0.014599 0.014599 0.000000 0.043796 0.000000 0.014599 0.043796 0.014599 0.000000 0.036496 0.043796 0.000000 0.043796 0.007299 0.000000 0.000000 0.051095 0.021898 0.000000 0.014599 0.029197 0.000000 0.007299 0.000000 0.000000 0.000000 0.000000
0.000000 0.000000 0.000000 0.000000 0.000000 0.000000 0.043478 0.043478 0.043478 0.043478 0.000000 0.086957 0.043478 0.043478 0.000000 0.000000 0.000000 0.000000 0.000000 0.000000 0.043478 0.000000 0.000000 0.000000 0.000000 0.086957 0.000000 0.000000 0.000000 0.000000 0.000000 0.000000 0.000000 0.000000 0.000000 0.000000 0.086957 0.130435 0.000000 0.000000 0.000000 0.000000 0.000000 0.000000 0.000000 0.043478 0.043478 0.000000 0.086957 0.043478 0.000000 0.000000 0.000000 0.043478 0.000000 0.000000 0.043478 0.000000 1.000000
0.000000 0.027778 0.000000 0.013889 0.041667 0.027778 0.069444 0.027778 0.055556 0.055556 0.027778 0.055556 0.000000 0.055556 0.000000 0.041667 0.000000 0.000000 0.000000 0.000000 0.000000 0.000000 0.027778 0.013889 0.027778 0.027778 0.013889 0.027778 0.041667 0.000000 0.000000 0.013889 0.000000 0.000000 0.000000 0.000000 0.000000 0.000000 0.013889 0.000000 0.013889 0.013889 0.000000 0.013889 0.027778 0.041667 0.027778 0.000000 0.041667 0.027778 0.027778 0.000000 0.000000 0.000000 0.027778 0.013889 0.000000 0.013889 0.000000
0.026549 0.026549 0.017699 0.035398 0.017699 0.070796 0.061947 0.026549 0.053097 0.106195 0.026549 0.017699 0.044248 0.035398 0.008850 0.008850 0.000000 0.000000 0.000000 0.000000 0.000000 0.000000 0.000000 0.000000 0.000000 0.000000 0.000000 0.000000 0.000000 0.017699 0.008850 0.008850 0.000000 0.000000 0.000000 0.008850 0.000000 0.000000 0.026549 0.008850 0.035398 0.017699 0.017699 0.008850 0.035398 0.017699 0.017699 0.044248 0.044248 0.017699 0.035398 0.008850 0.000000 0.017699 0.008850 0.008850 0.000000 0.000000 0.000000
0.024390 0.203252 0.016260 0.032520 0.008130 0.000000 0.040650 0.024390 0.113821 0.097561 0.040650 0.008130 0.016260 0.000000 0.000000 0.000000 0.000000 0.000000 0.008130 0.000000 0.016260 0.000000 0.000000 0.000000 0.000000 0.000000 0.008130 0.008130 0.016260 0.073171 0.016260 0.000000 0.000000 0.000000 0.000000 0.000000 0.000000 0.000000 0.000000 0.008130 0.000000 0.000000 0.008130 0.000000 0.024390 0.000000 0.024390 0.040650 0.040650 0.016260 0.048780 0.008130 0.008130 0.000000 0.000000 0.000000 0.000000 0.000000 0.000000
0.012048 0.012048 0.000000 0.012048 0.024096 0.012048 0.048193 0.060241 0.012048 0.060241 0.060241 0.024096 0.012048 0.048193 0.012048 0.012048 0.012048 0.000000 0.000000 0.012048 0.024096 0.048193 0.000000 0.000000 0.012048 0.012048 0.024096 0.012048 0.060241 0.000000 0.000000 0.012048 0.012048 0.024096 0.012048 0.000000 0.036145 0.012048 0.024096 0.036145 0.012048 0.000000 0.000000 0.048193 0.024096 0.012048 0.012048 0.000000 0.012048 0.000000 0.048193 0.000000 0.000000 0.000000 0.000000 0.012048 0.012048 0.000000 1.000000
0.045455 0.015152 0.000000 0.015152 0.015152 0.030303 0.030303 0.060606 0.030303 0.045455 0.030303 0.000000 0.030303 0.015152 0.015152 0.015152 0.045455 0.000000 0.000000 0.000000 0.045455 0.000000 0.000000 0.045455 0.045455 0.015152 0.060606 0.000000 0.000000 0.000000 0.000000 0.000000 0.000000 0.000000 0.000000 0.000000 0.015152 0.000000 0.000000 0.030303 0.000000 0.030303 0.015152 0.045455 0.030303 0.015152 0.000000 0.015152 0.015152 0.015152 0.030303 0.045455 0.030303 0.015152 0.000000 0.000000 0.000000 0.000000 2.000000
0.021739 0.032609 0.000000 0.000000 0.010870 0.065217 0.021739 0.043478 0.032609 0.043478 0.054348 0.054348 0.000000 0.021739 0.032609 0.000000 0.032609 0.021739 0.000000 0.000000 0.000000 0.010870 0.021739 0.021739 0.010870 0.010870 0.010870 0.021739 0.032609 0.000000 0.000000 0.000000 0.000000 0.021739 0.010870 0.000000 0.000000 0.010870 0.021739 0.000000 0.000000 0.021739 0.000000 0.010870 0.054348 0.010870 0.043478 0.010870 0.010870 0.000000 0.010870 0.043478 0.010870 0.000000 0.054348 0.010870 0.010870 0.000000 2.000000
0.000000 0.000000 0.000000 0.080000 0.040000 0.000000 0.040000 0.000000 0.080000 0.160000 0.080000 0.040000 0.000000 0.040000 0.000000 0.000000 0.000000 0.000000 0.000000 0.000000 0.000000 0.000000 0.000000 0.000000 0.000000 0.080000 0.000000 0.000000 0.000000 0.000000 0.000000 0.000000 0.040000 0.000000 0.000000 0.000000 0.000000 0.000000 0.000000 0.000000 0.000000 0.000000 0.040000 0.000000 0.080000 0.040000 0.000000 0.120000 0.000000 0.000000 0.000000 0.000000 0.040000 0.000000 0.000000 0.000000 0.000000 0.000000 0.000000
0.000000 0.000000 0.013514 0.000000 0.027027 0.054054 0.040541 0.027027 0.054054 0.081081 0.040541 0.027027 0.067568 0.040541 0.027027 0.013514 0.000000 0.000000 0.000000 0.000000 0.000000 0.040541 0.000000 0.013514 0.000000 0.054054 0.013514 0.000000 0.027027 0.000000 0.000000 0.013514 0.000000 0.000000 0.000000 0.000000 0.000000 0.000000 0.000000 0.013514 0.000000 0.000000 0.013514 0.000000 0.000000 0.027027 0.027027 0.040541 0.013514 0.027027 0.081081 0.027027 0.040541 0.000000 0.013514 0.000000 0.000000 0.000000 0.000000
0.050847 0.000000 0.000000 0.000000 0.016949 0.000000 0.033898 0.067797 0.016949 0.101695 0.067797 0.067797 0.033898 0.050847 0.033898 0.016949 0.000000 0.000000 0.000000 0.000000 0.000000 0.016949 0.033898 0.000000 0.016949 0.000000 0.016949 0.000000 0.016949 0.050847 0.000000 0.000000 0.000000 0.000000 0.000000 0.000000 0.000000 0.000000 0.016949 0.000000 0.016949 0.000000 0.016949 0.000000 0.000000 0.000000 0.016949 0.000000 0.084746 0.067797 0.033898 0.000000 0.016949 0.000000 0.016949 0.000000 0.000000 0.000000 0.000000
0.047619 0.023810 0.011905 0.011905 0.000000 0.059524 0.071429 0.011905 0.095238 0.071429 0.035714 0.047619 0.011905 0.011905 0.023810 0.011905 0.000000 0.000000 0.000000 0.000000 0.000000 0.023810 0.000000 0.023810 0.011905 0.000000 0.011905 0.023810 0.023810 0.023810 0.011905 0.000000 0.000000 0.000000 0.000000 0.000000 0.000000 0.000000 0.011905 0.000000 0.023810 0.000000 0.000000 0.011905 0.011905 0.023810 0.023810 0.011905 0.047619 0.083333 0.023810 0.011905 0.011905 0.000000 0.000000 0.000000 0.000000 0.000000 0.000000
0.013889 0.013889 0.013889 0.041667 0.027778 0.041667 0.027778 0.041667 0.055556 0.041667 0.097222 0.013889 0.013889 0.041667 0.000000 0.000000 0.000000 0.013889 0.000000 0.013889 0.000000 0.013889 0.013889 0.013889 0.013889 0.013889 0.013889 0.013889 0.013889 0.000000 0.000000 0.027778 0.000000 0.000000 0.013889 0.013889 0.013889 0.000000 0.013889 0.027778 0.013889 0.013889 0.041667 0.041667 0.000000 0.000000 0.041667 0.013889 0.041667 0.000000 0.000000 0.013889 0.027778 0.000000 0.000000 0.013889 0.000000 0.000000 1.000000
0.126214 0.000000 0.019417 0.009709 0.038835 0.009709 0.058252 0.048544 0.067961 0.019417 0.077670 0.048544 0.077670 0.019417 0.009709 0.000000 0.009709 0.000000 0.009709 0.009709 0.009709 0.000000 0.000000 0.000000 0.009709 0.009709 0.009709 0.009709 0.019417 0.000000 0.000000 0.000000 0.000000 0.000000 0.000000 0.000000 0.000000 0.000000 0.009709 0.009709 0.000000 0.009709 0.019417 0.019417 0.019417 0.029126 0.019417 0.058252 0.077670 0.000000 0.000000 0.000000 0.000000 0.000000 0.000000 0.000000 0.000000 0.000000 0.000000
0.090909 0.000000 0.020202 0.020202 0.030303 0.050505 0.010101 0.080808 0.030303 0.111111 0.020202 0.040404 0.010101 0.040404 0.030303 0.050505 0.020202 0.000000 0.000000 0.000000 0.000000 0.000000 0.000000 0.000000 0.020202 0.000000 0.010101 0.000000 0.000000 0.010101 0.020202 0.000000 0.000000 0.000000 0.000000 0.000000 0.000000 0.000000 0.000000 0.000000 0.000000 0.010101 0.010101 0.000000 0.020202 0.030303 0.000000 0.030303 0.050505 0.060606 0.000000 0.040404 0.010101 0.000000 0.000000 0.010101 0.000000 0.010101 0.000000
0.085366 0.000000 0.024390 0.000000 0.024390 0.024390 0.024390 0.012195 0.109756 0.048780 0.073171 0.048780 0.024390 0.036585 0.036585 0.012195 0.012195 0.000000 0.012195 0.000000 0.012195 0.000000 0.000000 0.000000 0.000000 0.000000 0.000000 0.000000 0.000000 0.048780 0.000000 0.000000 0.000000 0.000000 0.000000 0.012195 0.000000 0.000000 0.012195 0.000000 0.048780 0.000000 0.000000 0.024390 0.000000 0.012195 0.024390 0.036585 0.000000 0.073171 0.024390 0.012195 0.000000 0.000000 0.024390 0.024390 0.000000 0.000000 2.000000
0.012346 0.000000 0.024691 0.012346 0.012346 0.012346 0.061728 0.086420 0.037037 0.049383 0.024691 0.061728 0.061728 0.024691 0.000000 0.000000 0.000000 0.000000 0.012346 0.000000 0.012346 0.024691 0.024691 0.012346 0.012346 0.012346 0.012346 0.024691 0.037037 0.024691 0.000000 0.000000 0.000000 0.012346 0.000000 0.012346 0.000000 0.000000 0.012346 0.012346 0.000000 0.012346 0.000000 0.012346 0.000000 0.024691 0.061728 0.037037 0.000000 0.024691 0.061728 0.000000 0.000000 0.012346 0.000000 0.000000 0.012346 0.000000 0.000000
0.026316 0.065789 0.013158 0.026316 0.013158 0.052632 0.000000 0.078947 0.013158 0.039474 0.013158 0.039474 0.013158 0.026316 0.000000 0.000000 0.000000 0.026316 0.000000 0.026316 0.013158 0.013158 0.039474 0.039474 0.000000 0.026316 0.000000 0.026316 0.052632 0.000000 0.000000 0.013158 0.000000 0.013158 0.013158 0.000000 0.013158 0.026316 0.013158 0.026316 0.026316 0.013158 0.013158 0.013158 0.039474 0.000000 0.013158 0.000000 0.000000 0.026316 0.013158 0.000000 0.013158 0.013158 0.013158 0.000000 0.000000 0.000000 1.000000
0.020619 0.010309 0.020619 0.020619 0.020619 0.030928 0.051546 0.041237 0.020619 0.061856 0.041237 0.030928 0.010309 0.020619 0.000000 0.010309 0.000000 0.010309 0.000000 0.030928 0.010309 0.020619 0.000000 0.010309 0.030928 0.000000 0.020619 0.010309 0.000000 0.000000 0.010309 0.010309 0.010309 0.000000 0.000000 0.000000 0.020619 0.010309 0.000000 0.020619 0.010309 0.020619 0.030928 0.020619 0.020619 0.061856 0.061856 0.010309 0.020619 0.000000 0.010309 0.000000 0.010309 0.030928 0.020619 0.010309 0.020619 0.000000 0.000000
0.000000 0.000000 0.000000 0.028169 0.028169 0.014085 0.042254 0.042254 0.056338 0.000000 0.112676 0.042254 0.014085 0.000000 0.042254 0.000000 0.056338 0.000000 0.000000 0.014085 0.042254 0.028169 0.028169 0.000000 0.000000 0.000000 0.000000 0.042254 0.014085 0.028169 0.000000 0.000000 0.014085 0.014085 0.000000 0.000000 0.000000 0.014085 0.014085 0.028169 0.014085 0.014085 0.056338 0.028169 0.000000 0.000000 0.000000 0.028169 0.014085 0.000000 0.028169 0.028169 0.014085 0.000000 0.014085 0.000000 0.000000 0.000000 1.000000
0.000000 0.018519 0.055556 0.000000 0.000000 0.018519 0.000000 0.018519 0.000000 0.037037 0.018519 0.055556 0.018519 0.074074 0.037037 0.018519 0.000000 0.037037 0.000000 0.000000 0.000000 0.000000 0.000000 0.018519 0.037037 0.074074 0.018519 0.018519 0.055556 0.018519 0.000000 0.037037 0.000000 0.037037 0.018519 0.018519 0.000000 0.000000 0.000000 0.037037 0.000000 0.000000 0.037037 0.037037 0.018519 0.000000 0.018519 0.000000 0.037037 0.000000 0.018519 0.000000 0.000000 0.000000 0.000000 0.018519 0.000000 0.018519 0.000000
0.030303 0.212121 0.020202 0.020202 0.000000 0.010101 0.090909 0.030303 0.050505 0.111111 0.070707 0.020202 0.010101 0.000000 0.000000 0.000000 0.000000 0.000000 0.000000 0.000000 0.000000 0.000000 0.000000 0.000000 0.000000 0.010101 0.000000 0.000000 0.010101 0.060606 0.000000 0.010101 0.000000 0.000000 0.000000 0.000000 0.000000 0.000000 0.000000 0.000000 0.000000 0.000000 0.020202 0.000000 0.020202 0.000000 0.000000 0.030303 0.070707 0.010101 0.020202 0.050505 0.010101 0.000000 0.000000 0.000000 0.000000 0.000000 0.000000
0.019802 0.000000 0.029703 0.049505 0.009901 0.049505 0.059406 0.059406 0.019802 0.029703 0.000000 0.039604 0.019802 0.000000 0.000000 0.000000 0.009901 0.000000 0.029703 0.000000 0.019802 0.029703 0.000000 0.000000 0.009901 0.019802 0.009901 0.049505 0.049505 0.019802 0.009901 0.000000 0.000000 0.019802 0.019802 0.009901 0.000000 0.000000 0.009901 0.019802 0.009901 0.000000 0.000000 0.029703 0.029703 0.049505 0.029703 0.039604 0.019802 0.009901 0.009901 0.000000 0.029703 0.000000 0.000000 0.009901 0.000000 0.009901 0.000000
0.019608 0.039216 0.019608 0.039216 0.019608 0.068627 0.019608 0.049020 0.000000 0.019608 0.019608 0.000000 0.000000 0.000000 0.000000 0.000000 0.019608 0.009804 0.019608 0.000000 0.029412 0.029412 0.000000 0.019608 0.029412 0.039216 0.049020 0.058824 0.049020 0.039216 0.000000 0.000000 0.009804 0.000000 0.000000 0.000000 0.019608 0.058824 0.019608 0.029412 0.009804 0.029412 0.009804 0.019608 0.000000 0.009804 0.019608 0.000000 0.000000 0.000000 0.000000 0.009804 0.009804 0.009804 0.019608 0.000000 0.009804 0.000000 0.000000
0.063830 0.000000 0.021277 0.021277 0.021277 0.042553 0.021277 0.063830 0.021277 0.042553 0.021277 0.042553 0.021277 0.042553 0.021277 0.042553 0.021277 0.000000 0.021277 0.000000 0.000000 0.063830 0.000000 0.000000 0.000000 0.000000 0.042553 0.021277 0.021277 0.000000 0.021277 0.000000 0.021277 0.000000 0.000000 0.000000 0.000000 0.000000 0.000000 0.000000 0.000000 0.000000 0.000000 0.000000 0.021277 0.021277 0.021277 0.021277 0.021277 0.021277 0.042553 0.021277 0.000000 0.000000 0.000000 0.021277 0.021277 0.021277 0.000000
0.000000 0.027027 0.027027 0.000000 0.000000 0.000000 0.040541 0.067568 0.040541 0.054054 0.054054 0.067568 0.040541 0.013514 0.040541 0.040541 0.013514 0.000000 0.000000 0.000000 0.000000 0.027027 0.000000 0.027027 0.000000 0.040541 0.000000 0.027027 0.027027 0.013514 0.013514 0.013514 0.000000 0.000000 0.000000 0.000000 0.000000 0.000000 0.027027 0.000000 0.000000 0.000000 0.000000 0.000000 0.000000 0.000000 0.027027 0.027027 0.027027 0.027027 0.040541 0.040541 0.040541 0.000000 0.000000 0.000000 0.027027 0.000000 0.000000
0.018868 0.000000 0.018868 0.056604 0.000000 0.037736 0.094340 0.037736 0.037736 0.056604 0.132075 0.037736 0.018868 0.056604 0.000000 0.018868 0.000000 0.000000 0.000000 0.000000 0.000000 0.000000 0.000000 0.000000 0.000000 0.000000 0.000000 0.000000 0.018868 0.056604 0.000000 0.000000 0.000000 0.000000 0.000000 0.000000 0.000000 0.000000 0.000000 0.000000 0.000000 0.000000 0.000000 0.000000 0.018868 0.037736 0.018868 0.094340 0.113208 0.000000 0.000000 0.000000 0.000000 0.018868 0.000000 0.000000 0.000000 0.000000 0.000000
0.080000 0.000000 0.000000 0.020000 0.060000 0.000000 0.040000 0.020000 0.040000 0.040000 0.040000 0.020000 0.000000 0.040000 0.100000 0.000000 0.020000 0.000000 0.000000 0.020000 0.000000 0.020000 0.020000 0.000000 0.000000 0.040000 0.000000 0.000000 0.080000 0.000000 0.000000 0.000000 0.000000 0.000000 0.000000 0.020000 0.000000 0.000000 0.000000 0.020000 0.020000 0.000000 0.060000 0.040000 0.000000 0.000000 0.020000 0.000000 0.000000 0.040000 0.000000 0.020000 0.020000 0.040000 0.000000 0.000000 0.000000 0.000000 1.000000
0.000000 0.033898 0.000000 0.084746 0.000000 0.050847 0.033898 0.016949 0.033898 0.050847 0.033898 0.067797 0.016949 0.016949 0.016949 0.050847 0.000000 0.000000 0.000000 0.000000 0.016949 0.016949 0.067797 0.067797 0.000000 0.000000 0.000000 0.000000 0.000000 0.000000 0.000000 0.000000 0.000000 0.016949 0.000000 0.016949 0.016949 0.016949 0.016949 0.016949 0.033898 0.050847 0.016949 0.000000 0.016949 0.000000 0.000000 0.000000 0.033898 0.000000 0.000000 0.033898 0.016949 0.000000 0.016949 0.000000 0.000000 0.000000 1.000000
0.000000 0.033333 0.016667 0.016667 0.033333 0.050000 0.050000 0.083333 0.050000 0.116667 0.000000 0.016667 0.033333 0.000000 0.000000 0.000000 0.000000 0.050000 0.000000 0.000000 0.000000 0.000000 0.000000 0.033333 0.000000 0.016667 0.000000 0.000000 0.000000 0.000000 0.000000 0.000000 0.000000 0.000000 0.000000 0.000000 0.016667 0.000000 0.016667 0.033333 0.033333 0.066667 0.016667 0.016667 0.016667 0.033333 0.000000 0.000000 0.016667 0.083333 0.016667 0.016667 0.000000 0.000000 0.000000 0.016667 0.000000 0.000000 1.000000
0.011905 0.023810 0.011905 0.011905 0.035714 0.083333 0.011905 0.059524 0.047619 0.071429 0.047619 0.000000 0.071429 0.011905 0.000000 0.000000 0.023810 0.000000 0.000000 0.000000 0.000000 0.000000 0.011905 0.000000 0.000000 0.011905 0.011905 0.011905 0.035714 0.035714 0.023810 0.000000 0.011905 0.000000 0.011905 0.011905 0.000000 0.000000 0.000000 0.000000 0.011905 0.023810 0.011905 0.023810 0.035714 0.000000 0.011905 0.011905 0.047619 0.047619 0.011905 0.023810 0.000000 0.011905 0.000000 0.023810 0.000000 0.000000 0.000000
0.025641 0.038462 0.025641 0.012821 0.038462 0.025641 0.051282 0.025641 0.025641 0.051282 0.051282 0.064103 0.012821 0.012821 0.038462 0.025641 0.012821 0.012821 0.012821 0.000000 0.000000 0.012821 0.012821 0.000000 0.000000 0.000000 0.000000 0.000000 0.000000 0.000000 0.012821 0.000000 0.000000 0.012821 0.000000 0.000000 0.025641 0.012821 0.000000 0.038462 0.025641 0.000000 0.012821 0.038462 0.012821 0.012821 0.025641 0.025641 0.025641 0.025641 0.025641 0.012821 0.012821 0.000000 0.038462 0.000000 0.000000 0.012821 1.000000
0.016129 0.048387 0.000000 0.000000 0.016129 0.032258 0.032258 0.080645 0.016129 0.080645 0.048387 0.064516 0.096774 0.000000 0.000000 0.000000 0.000000 0.032258 0.016129 0.016129 0.016129 0.016129 0.000000 0.000000 0.000000 0.000000 0.000000 0.000000 0.000000 0.000000 0.032258 0.000000 0.000000 0.000000 0.000000 0.000000 0.000000 0.000000 0.000000 0.000000 0.032258 0.000000 0.016129 0.016129 0.032258 0.064516 0.080645 0.000000 0.016129 0.000000 0.000000 0.016129 0.000000 0.032258 0.000000 0.000000 0.032258 0.000000 0.000000
0.015385 0.030769 0.046154 0.015385 0.046154 0.061538 0.092308 0.030769 0.046154 0.000000 0.107692 0.046154 0.015385 0.000000 0.030769 0.000000 0.000000 0.000000 0.000000 0.000000 0.000000 0.000000 0.000000 0.000000 0.000000 0.000000 0.000000 0.000000 0.000000 0.000000 0.015385 0.000000 0.015385 0.000000 0.000000 0.000000 0.000000 0.015385 0.000000 0.030769 0.015385 0.030769 0.000000 0.061538 0.015385 0.030769 0.046154 0.000000 0.030769 0.030769 0.015385 0.030769 0.015385 0.000000 0.015385 0.000000 0.000000 0.000000 2.000000
0.026786 0.017857 0.089286 0.017857 0.026786 0.035714 0.026786 0.071429 0.044643 0.008929 0.035714 0.000000 0.008929 0.026786 0.000000 0.008929 0.017857 0.000000 0.000000 0.008929 0.000000 0.008929 0.017857 0.008929 0.008929 0.026786 0.000000 0.035714 0.044643 0.000000 0.008929 0.000000 0.000000 0.000000 0.000000 0.008929 0.035714 0.008929 0.000000 0.008929 0.017857 0.026786 0.017857 0.000000 0.017857 0.026786 0.035714 0.035714 0.035714 0.035714 0.026786 0.008929 0.000000 0.008929 0.000000 0.008929 0.000000 0.000000 2.000000
0.013158 0.065789 0.013158 0.026316 0.026316 0.039474 0.052632 0.052632 0.013158 0.013158 0.039474 0.065789 0.039474 0.000000 0.000000 0.013158 0.000000 0.000000 0.026316 0.013158 0.013158 0.013158 0.013158 0.000000 0.000000 0.000000 0.026316 0.026316 0.000000 0.000000 0.000000 0.000000 0.000000 0.052632 0.013158 0.026316 0.000000 0.013158 0.013158 0.013158 0.013158 0.013158 0.026316 0.026316 0.013158 0.013158 0.000000 0.026316 0.013158 0.000000 0.039474 0.039474 0.000000 0.013158 0.013158 0.000000 0.013158 0.000000 1.000000
0.019802 0.029703 0.019802 0.029703 0.049505 0.009901 0.009901 0.039604 0.039604 0.059406 0.019802 0.039604 0.000000 0.039604 0.019802 0.009901 0.000000 0.009901 0.009901 0.000000 0.000000 0.009901 0.000000 0.000000 0.000000 0.000000 0.000000 0.009901 0.000000 0.000000 0.009901 0.019802 0.000000 0.000000 0.009901 0.019802 0.019802 0.009901 0.009901 0.019802 0.009901 0.000000 0.049505 0.069307 0.000000 0.009901 0.039604 0.009901 0.009901 0.029703 0.009901 0.029703 0.029703 0.029703 0.039604 0.009901 0.019802 0.009901 1.000000
0.000000 0.044444 0.011111 0.022222 0.022222 0.011111 0.066667 0.033333 0.011111 0.044444 0.033333 0.044444 0.011111 0.011111 0.033333 0.011111 0.022222 0.000000 0.011111 0.011111 0.000000 0.000000 0.011111 0.011111 0.022222 0.055556 0.033333 0.033333 0.066667 0.000000 0.011111 0.000000 0.000000 0.011111 0.000000 0.000000 0.033333 0.000000 0.000000 0.011111 0.000000 0.022222 0.033333 0.022222 0.000000 0.022222 0.000000 0.000000 0.022222 0.022222 0.022222 0.022222 0.022222 0.022222 0.000000 0.000000 0.000000 0.011111 1.000000
0.011364 0.000000 0.022727 0.045455 0.034091 0.011364 0.011364 0.045455 0.034091 0.056818 0.034091 0.022727 0.034091 0.011364 0.034091 0.022727 0.022727 0.000000 0.000000 0.000000 0.000000 0.034091 0.011364 0.000000 0.022727 0.056818 0.034091 0.045455 0.022727 0.000000 0.000000 0.022727 0.000000 0.011364 0.000000 0.000000 0.000000 0.000000 0.011364 0.022727 0.056818 0.022727 0.022727 0.022727 0.000000 0.022727 0.022727 0.011364 0.000000 0.011364 0.011364 0.011364 0.000000 0.022727 0.000000 0.000000 0.000000 0.011364 0.000000
